209 952
277 5111
4474 5135
3686 4103
3873 5135
1382 1760
2352 3216
2664 3652
1104 2330
247 4499
554 3126
930 4777
1648 2835
1171 3809
3773 4073
1786 4909
982 1454
2194 3770
913 3903
888 1014
136 535
2898 3690
496 765
2812 4406
74 1451
4286 5140
2343 2735
935 2996
848 2093
1152 3320
2139 3298
1641 2652
2486 2500
246 504
321 1745
1003 1956
3810 4370
2907 3048
3894 4783
2253 3450
3005 4142
746 2822
872 1345
1825 2687
3970 5199
906 2333
1563 5174
1160 2569
1387 3088
209 1326
1184 4944
2398 2473
2617 2966
144 1677
666 3311
983 3366
1023 1692
1816 3721
2169 2750
3779 5180
2359 4870
547 618
3214 4745
1349 5149
888 3867
956 2580
1746 2611
1976 3860
3245 4797
2158 3186
2801 4617
1408 3450
660 3803
2388 5209
2338 3308
3517 4331
1349 1963
902 3065
586 3963
2996 4632
530 4058
2783 3399
46 1180
2822 2993
1006 3336
855 2313
2235 2804
1748 5004
710 2424
1796 4477
4548 5087
4918 5161
332 1581
884 2918
545 5143
134 2691
2566 2994
951 1795
1330 4239
4538 4754
506 1440
1059 1145
3701 4745
434 2664
1779 4005
3222 3770
3251 4931
1287 1364
1303 2195
2060 4249
1299 2619
1982 3805
3023 4516
157 2573
3043 4249
2968 3268
1475 1942
2162 4335
1672 4724
1956 4744
1206 1799
933 4034
888 1854
2892 3276
14 3736
1014 3624
3803 4605
1307 2449
1010 1842
1323 2576
2040 4789
470 4387
2233 5175
3360 4781
3657 4591
2505 4468
2158 3067
0 2497
159 2067
1548 4915
4593 5142
2817 4359
1758 2165
519 4502
2817 3289
3220 3697
1096 2705
1055 2996
730 1330
3800 4332
2682 3288
2668 3572
2205 5000
960 1179
3702 3810
325 2225
4656 4998
609 4424
534 2161
148 3081
2066 5064
348 2507
1013 1623
2573 4198
2409 5044
4458 4618
1730 5000
3064 4732
3123 4224
2018 4469
694 1729
1546 4338
2818 3630
1089 1625
1541 4684
2212 2595
2188 4401
900 2619
1723 2724
1323 3119
2785 4668
1664 3463
3065 4295
4779 5016
1250 4944
1514 3756
2351 3821
765 1089
1573 1640
493 569
1119 5148
3045 3104
2240 3369
2891 4695
2409 2813
946 4602
3306 4821
740 4751
1055 4195
139 4221
3136 4032
1498 4782
262 615
1407 4095
974 2387
2310 5094
1003 4854
208 3100
946 2928
3267 4904
2175 4689
443 3627
978 1974
2353 4972
199 4280
534 2387
996 5199
2244 4375
2663 3403
892 3809
3208 3765
1166 2836
167 5125
611 1653
1945 3239
732 4379
3595 3636
314 4755
212 1993
2942 3470
382 2318
909 996
2209 3447
1347 2364
2205 2366
2738 3998
1636 3237
3195 3460
3246 3275
684 4190
1709 5195
3424 4704
1494 2100
4333 4613
1974 2297
1901 4211
1735 4748
1334 1971
876 5189
2165 2796
3634 5231
1345 1359
2060 2415
1330 2344
4821 5085
534 2023
1790 4084
974 1668
142 1578
1106 3070
2748 4074
935 2161
1713 3316
2978 4520
1604 4512
734 4575
3300 4717
635 3719
2042 2282
2046 4035
1500 1832
2005 5059
1158 3574
1956 3780
469 734
1453 1609
3039 4428
9 2087
2451 5141
4017 4628
3652 3708
1054 2109
2455 4032
1549 2415
1349 2555
3352 4924
530 3411
3113 3925
1608 2685
3677 4017
2937 4778
656 2799
163 1306
1354 4357
892 3252
1599 4384
2452 4225
228 2548
300 5199
1809 2203
2453 3738
3466 3944
691 3835
717 3227
4097 4932
1461 4647
2619 4389
2771 4615
639 4716
3691 4036
287 2340
3404 4232
3651 4495
1828 4157
1402 1926
2052 4104
955 1650
466 4886
3565 4867
3747 3900
345 3380
1299 3275
1945 5108
3253 4851
4385 5170
1206 2990
1760 4642
2681 3491
2071 2531
1007 2109
3651 4487
2233 2388
2781 5100
4195 4447
2555 4317
444 2458
4416 5016
4850 5007
1323 1445
3143 3214
1659 1751
657 1580
3664 4296
1112 2858
2398 3411
505 2741
1833 4702
1481 5190
1304 1305
4503 4520
1221 5218
2562 3345
3582 4474
4113 5171
139 4959
2784 4964
640 3425
2576 5217
799 5202
3739 4369
2727 4651
2688 5039
3731 5001
600 1089
3679 4388
3389 4275
2023 4632
928 5238
1497 2263
2088 3018
504 5199
274 2698
2047 3825
2580 3641
1715 4869
913 3801
0 301
2388 3405
3555 3663
2686 4932
2387 3083
2650 4032
640 4435
1917 3481
300 2280
2421 3028
1407 2785
609 1732
79 3780
1623 1844
1851 4079
4744 4779
788 1074
3042 3804
1814 5048
2844 4528
1126 4083
872 2501
709 4422
3779 4103
243 743
31 3191
1901 4112
2153 2377
2341 4537
3351 3708
4503 5199
960 3618
708 1081
911 2383
1617 2956
1445 3119
2753 3043
945 3821
2398 4779
1672 3405
2512 4993
3777 5194
444 3013
1131 2245
126 442
740 2412
227 1519
1096 1583
537 4194
193 902
4520 5189
1672 2996
1461 2314
2538 2726
832 1815
2350 2354
4306 4721
1629 1904
2172 3878
2764 3622
760 3843
2764 3759
1116 1990
2884 5199
2408 4265
3123 5080
615 956
2310 4458
1717 2336
956 2088
656 782
1974 4647
2070 3576
1324 2353
2290 4633
2258 4919
1942 2335
423 632
653 3773
3467 4001
2366 5199
519 3832
1318 5171
1230 1320
2196 5171
2475 3110
386 1965
2485 4232
1189 3349
2746 3960
1373 2009
2192 4355
382 3639
727 3070
1342 1532
1676 3867
3083 4979
829 4991
1747 2690
1373 3597
577 4096
126 3227
4268 4299
3097 4895
3300 4220
1160 2869
2753 5126
1359 2081
2421 4342
2597 5202
1107 2096
1856 4633
29 5158
1163 2409
4307 5064
1791 1986
698 3933
3059 4428
36 3592
381 4638
788 1192
1762 4338
37 4562
262 3970
1652 3395
3412 5209
2580 4779
973 2322
1402 1443
1113 5097
4226 4334
92 3266
56 1000
309 3878
1411 2866
864 2486
2109 3017
678 2861
802 834
3113 4263
3313 4872
56 3083
1033 2481
504 2978
1716 3314
1006 4386
534 1107
1786 2718
645 669
691 1871
387 3947
1047 1339
153 1167
615 2835
2159 4685
3756 3962
2669 3517
2495 4927
1070 1442
3770 4785
1795 5108
1672 3412
1374 3597
3220 4566
4215 4657
1274 1887
124 3636
37 3252
460 1638
1209 3498
615 5016
2691 4420
532 1850
2810 4195
416 528
3412 4195
722 4424
952 4738
2088 2580
3405 4482
3641 4060
3753 5000
3419 4581
1861 4309
1167 2337
2223 4573
2884 4073
2060 2852
189 1365
3621 4469
63 1074
2511 3637
631 736
1615 3258
3534 3979
1882 2300
911 1349
2271 2561
362 3637
234 3705
1148 4083
414 4546
469 1060
4284 4677
2516 4726
1044 1157
7 4460
1542 4255
1533 1900
169 4991
2385 4834
316 940
2178 2685
9 1660
653 2473
425 5198
4113 5000
2233 4020
2040 4636
1455 4812
500 5023
1004 1640
1361 5064
1771 3657
3423 5189
2088 4060
295 2407
4006 4462
2312 5026
2368 3779
1169 4457
310 3421
0 1462
282 5091
3582 3871
3057 4269
2290 4665
1365 1917
1672 1857
3025 3877
2037 2468
537 3327
280 2691
1349 2580
2749 4538
3350 4344
1687 3399
317 5159
500 4664
237 3635
537 2628
541 1917
1758 3298
4664 4944
118 3897
589 1674
1749 4189
2398 4503
1786 2132
487 2532
1857 4724
3239 5209
1023 3009
1808 2050
3773 4503
2339 2817
2158 3055
2810 5209
3773 4416
295 2768
657 5064
3885 4766
1404 3434
951 4106
25 4194
442 4077
850 1104
3330 5103
148 2626
779 5189
2158 3206
187 1233
387 949
996 3970
1122 3032
602 4019
1177 1275
2360 4318
2783 3602
260 3457
710 3004
1054 1672
2807 5189
922 1931
289 2608
466 4510
1931 4596
899 1579
1054 1107
3343 5116
279 637
657 3235
3237 3867
4285 4628
2421 4798
1210 3745
262 5199
3851 4888
2473 4503
56 4724
1039 4978
3267 3867
2793 4392
473 3205
656 2449
69 2620
1732 3582
277 1663
652 1694
1207 2229
2209 3585
4538 4849
2382 3720
2252 3591
790 2047
1160 3470
387 4289
2580 5016
1510 2936
205 3026
4652 5039
1211 4018
2753 2852
2399 4208
1000 4993
1323 3798
434 3351
1338 4446
546 4074
3695 5004
2580 4060
1013 3268
779 3627
562 5233
736 1014
2281 2567
1270 1547
1409 2308
599 4060
3080 3298
3617 4936
883 1825
2212 5237
615 3641
357 3511
1648 3320
2664 3832
1385 4755
1788 2556
850 1054
4424 4695
1882 2549
3879 4836
360 802
4177 4904
2153 3508
4096 4995
637 984
1803 3614
1380 2809
2577 3128
2398 3773
1993 3314
930 4120
599 2398
1736 5079
1420 4643
2978 4331
1706 4664
1641 2978
349 4968
1623 4163
1864 4568
404 761
4611 5167
220 3532
2756 2757
2969 5136
2602 3443
949 3947
2975 4773
645 3580
1238 4309
5016 5199
3550 3713
1744 4647
271 1505
1794 4745
962 3217
126 3344
3564 4812
1676 4424
1156 3209
930 1727
40 1913
1749 4187
3668 5139
627 1136
550 1653
1237 1923
569 4462
2620 3762
982 5092
550 1077
3379 4309
764 4123
4303 5052
584 1000
2564 5111
956 2669
504 4331
613 4241
3913 4379
629 2416
1054 2810
2481 3829
3225 3988
1342 3865
776 4142
2793 2924
3143 3721
3860 3868
2540 3942
1891 5118
2266 4065
3990 4112
1633 4090
2757 4809
1676 3871
3690 4915
3364 5103
2158 3056
3214 4332
2064 4728
1025 5094
1693 3179
4354 4432
1728 3972
3234 4563
1054 3279
1780 2753
4385 5011
2383 2580
4570 5188
4124 4225
108 2444
148 3546
232 3059
5023 5028
3756 4857
1818 1958
450 2667
2229 4666
4617 5134
254 4281
1676 1854
7 2152
96 1502
722 4695
2432 4303
1279 5031
675 3176
1497 3900
1848 3273
3320 3688
569 731
1743 4371
1480 4055
2960 3665
1075 3833
2686 3753
2118 4811
2653 3298
1699 3045
2023 5108
260 4375
1480 5075
1552 2958
2478 5142
3296 3809
2923 3493
3234 4904
631 1676
946 1516
1274 3456
1128 2275
1947 4544
1133 4540
56 2229
463 5138
203 4171
2642 2916
2161 4632
138 3720
2415 4249
1730 4113
3521 4154
465 528
1163 5044
4464 4847
530 996
189 996
707 4677
1636 4904
1758 3057
1752 4708
3062 4028
1835 3451
2372 4975
4058 4060
1570 4849
2732 3239
4061 4568
3097 5158
309 1935
3615 4912
3394 4404
2473 4795
795 3946
3784 4427
767 1817
1298 4374
802 5224
838 1598
1938 4870
1479 2646
2136 3903
1349 3320
1044 2317
510 2119
2574 5136
1171 1626
911 4073
3057 4365
3073 3878
70 2182
978 5119
3518 4611
785 3707
2244 4737
541 3968
3043 5126
2912 4811
1120 1302
1959 5039
2832 2935
1000 2810
2916 5239
4200 5107
1680 3622
2736 4085
2295 2492
3759 4424
458 4750
662 5103
1748 3626
1743 5118
974 2321
1516 2928
1054 1795
2241 2835
1696 2930
2203 2990
4095 4868
1220 3437
2580 3688
450 4504
2708 3694
3298 4558
3018 3063
2473 3243
3416 3672
882 4329
630 1570
708 1576
373 3710
2628 4018
2119 2925
3198 4703
2297 2833
722 3237
2793 4257
522 1383
435 4756
2813 5171
387 4413
3780 5201
3641 5212
2867 3142
1322 1586
3294 4960
4056 5105
686 4540
2918 3221
956 3641
4485 4904
1885 3684
2060 2824
3582 3867
4618 5094
2641 4142
3023 3561
911 2238
5081 5198
2353 4660
262 2835
89 4249
2827 4531
363 364
2669 4416
4601 5101
996 2088
1722 2526
2153 4054
1636 4485
1364 2237
288 2974
1407 2670
1932 3833
1809 2243
1956 2245
888 4474
1844 1979
2793 4301
937 3765
3689 4288
3305 4108
3701 4363
20 875
300 615
722 5135
1055 3412
1169 1623
2285 3511
1500 2186
1680 3871
2996 5175
3517 4744
2473 3063
3794 4938
631 3759
47 1472
3126 4880
5165 5224
974 1387
2766 3081
1349 3411
1066 3639
3970 4331
2283 4165
397 5021
919 2491
504 4758
1623 4083
92 4064
2688 4647
2835 4178
939 2341
3770 4793
262 1963
2166 3296
513 3893
1107 4666
3267 3622
471 2636
3269 4163
1857 4020
2576 3895
1189 4656
848 4474
53 965
845 3855
2580 4078
41 3314
821 1650
2531 3713
17 1557
178 4647
2455 2458
3871 4485
802 3944
1570 2997
3004 4758
976 2895
825 3810
3261 4930
1732 3267
0 717
107 1237
4805 4883
1680 3873
2469 3833
701 900
482 4862
2723 3259
167 797
3209 3591
2241 3641
3274 4193
4141 5139
504 615
1149 4266
811 1271
1732 1854
2473 5199
3314 3982
466 661
1741 5118
1270 4421
1961 4798
4328 5115
2898 4150
956 1152
1227 3572
3873 4177
203 2851
2027 2531
2916 4660
2555 5149
1148 1623
146 1763
1152 4744
1263 1641
3269 4083
3086 3553
3032 5142
2526 2704
611 3721
3627 3779
1636 4563
56 1054
3627 4309
3641 5016
1680 1732
4140 4592
2669 2978
3624 4904
2793 3714
342 802
4405 5106
1303 3627
1865 1945
512 856
3443 4768
480 3034
3970 5146
295 1318
722 4474
3196 4510
2383 3320
2445 4131
1639 3064
1364 1407
155 3765
4131 4849
1014 2891
3100 3345
1287 4668
2274 3414
152 1138
968 4236
2280 4744
2763 3434
3206 4237
3622 4177
417 4762
2835 4795
884 4948
301 1289
3636 4187
262 911
1397 3407
2398 2669
2383 4744
3314 3609
537 1251
1494 4277
56 155
2481 2664
4858 5004
534 3239
812 3411
2060 4496
3630 4802
3621 3797
30 3828
439 4371
214 3141
1207 4106
175 1549
329 2076
2884 3411
36 4675
3006 4332
1409 4155
577 4995
701 4490
3655 3836
1454 3218
2320 4645
1180 4366
553 1912
935 1207
1681 4731
860 2709
2383 2531
2567 3399
2767 3074
910 2491
3910 5130
2158 4503
848 4128
1512 3472
1983 2807
802 1326
540 1774
2926 4489
952 1983
488 4102
2280 4416
83 5109
633 2835
142 2822
3581 3921
2182 2311
4482 4724
879 4468
3748 4501
564 2547
828 4065
2444 3722
2066 2074
243 4758
286 1066
1350 3103
1816 4670
940 2243
2523 2648
2676 5126
286 3116
3143 3865
4136 5007
89 1780
1529 3553
1205 1217
334 1861
609 1014
3250 4934
450 3164
113 2299
15 4692
3565 3726
3586 4597
773 2263
2473 2884
1167 2735
979 3788
1349 4744
20 3777
425 5081
2669 5016
508 5113
3250 4660
4103 4427
209 4738
2702 4139
2729 5224
133 229
3873 4474
951 4993
1322 1326
1384 1945
936 5230
1902 1938
3626 4703
4264 4748
1642 4372
646 3581
1012 1202
2591 3370
460 4728
519 1025
779 2052
250 2536
2074 3645
2835 4540
533 5051
33 2989
2103 3043
879 5029
56 5209
722 4128
2613 4482
1945 3405
351 1642
4016 4212
3 521
839 1548
1106 1490
2310 3860
701 1104
537 4373
1189 4885
297 2137
4370 5052
227 3131
4131 4656
3495 3634
657 4056
3152 4282
1576 4592
2060 2676
1681 3759
2667 3294
293 1786
206 5047
499 793
56 1207
2882 4054
3003 3221
368 659
2033 2066
245 2322
1850 2933
1583 4549
3056 3067
956 2933
541 996
1107 4106
352 3017
911 2884
722 4485
2280 4553
1032 4450
736 3622
2863 3743
2569 2936
2353 3469
1207 4482
826 2680
1204 4639
678 2578
185 1105
1255 2256
3167 4699
2576 5031
1487 4140
2125 3403
802 1230
504 4078
1914 2136
821 3074
699 1089
2706 4875
1441 1585
1004 4809
253 824
107 3025
445 4041
1309 3982
631 888
3234 3867
3083 4482
1183 3296
2654 3654
146 4061
2481 3860
2618 3330
2649 4955
9 3982
703 4034
3321 3929
1028 1405
429 4138
2245 5131
2280 2383
3288 3292
3340 4164
4478 4759
1127 2145
529 1848
3062 4909
3716 3920
192 3078
2103 3892
1580 4567
2944 2998
260 2244
1730 5171
2233 4724
2196 5000
384 1354
960 4477
1131 3299
2177 3351
4347 5158
1162 1327
2827 3701
148 564
2727 3328
4474 4485
262 3411
1330 4037
1004 4531
214 1599
1152 4331
1108 3662
3834 4665
245 4742
316 3900
2824 4496
4162 5133
519 2177
3344 3508
222 1253
1349 4503
1163 4573
3267 3873
977 2442
300 3641
1054 1384
1416 3344
888 3624
1763 4061
360 5165
2835 2845
1684 3119
4731 4904
902 2990
2167 3306
584 2161
2238 4553
2937 3698
2409 3415
1824 4827
262 2669
3340 3843
4171 4173
2606 2988
1279 1323
167 3417
848 3234
2206 3451
888 3873
1147 4962
3222 4288
4764 4943
4463 4852
584 4979
2691 3486
989 3810
1641 4503
30 1580
2065 2904
2901 2902
492 1811
2216 5039
1490 5039
1230 2837
2310 2481
2383 2884
249 4248
5167 5235
215 2709
1371 2933
934 1931
2473 2835
2915 4930
1175 2701
22 2400
2672 4557
465 4815
1036 2650
4164 4573
513 1362
439 2671
1669 1960
1730 2675
2462 4440
3587 3600
599 1956
3402 3830
860 1061
530 1152
2763 2998
537 2353
2345 4173
534 1672
1054 2229
790 3287
831 2335
736 3234
56 4482
493 731
135 1521
1963 2835
1821 4192
3293 4478
2856 4295
2668 3185
2302 2881
1162 4603
1958 2165
3248 3866
1090 1803
3376 4857
1328 3038
1303 3064
4689 5004
2359 4112
1054 2588
788 4679
2665 2709
615 4779
290 2060
2842 3549
983 3427
1963 3641
2567 4045
957 1033
538 2882
2760 5049
2234 2770
722 3234
1748 3198
743 3690
2398 2884
2353 2799
3268 3809
5158 5183
1614 3565
1850 3690
539 3191
641 4835
3415 4573
2835 4503
187 3369
1097 3271
877 3196
1418 4029
2531 4503
1291 1390
2301 2738
1636 4177
3868 4618
722 4177
663 1111
381 5140
968 2029
2711 4370
2109 4340
1488 1956
1643 2183
1751 2579
1349 2884
191 2076
599 1152
848 3624
996 3773
2467 4462
3759 4474
2818 3301
3636 3833
617 2634
1152 2398
2406 4160
370 1879
53 523
3801 4568
300 4058
1271 2381
659 4032
3423 3779
2341 2404
2298 3783
996 4060
83 1593
948 3919
364 2415
1950 2690
314 1052
85 5178
3017 4464
1014 4474
3518 4392
1152 2238
796 1388
308 3192
2238 2383
2366 4463
1832 2822
1669 2995
2356 5219
2454 3874
534 1000
3553 4109
889 3878
450 2244
3814 4479
259 4767
3773 4779
957 3708
602 4249
1939 2560
974 5082
1054 2387
191 3677
2811 3273
996 1349
208 3345
4107 4957
1780 3043
1025 2177
1563 1639
1487 3306
142 4732
3056 3849
1854 4128
736 1680
2910 4663
2804 4398
2162 2751
1105 1379
4510 4886
13 2671
1956 2339
2398 4060
3070 4877
2669 4553
4074 4228
1025 3652
1681 3871
1983 5189
1179 2694
2630 4466
2196 3753
432 2074
3057 4255
700 3250
2096 4979
2038 2666
1975 4013
1181 1946
910 3217
250 1180
3877 5199
118 4226
4485 4695
3206 3849
49 5222
1534 2683
736 3582
599 4416
2415 4659
1876 2384
2705 3569
4121 4393
3434 5128
590 4132
2762 5194
244 3076
1648 3411
3057 3797
504 2383
368 2109
7 414
3677 4050
1490 2443
455 2497
714 5004
105 257
1272 4667
1917 3968
467 4362
3350 4190
964 2386
271 3498
3622 3871
4239 4372
896 3673
40 2473
1583 2391
1841 2405
2205 5199
465 2635
2214 2463
2389 3797
86 2659
4295 4734
599 2383
753 922
1066 3677
606 4835
2667 4375
2675 5000
3619 3787
414 1393
3582 3759
504 2473
51 163
63 3951
510 2925
1682 1723
2416 4609
1126 3269
1889 3146
2721 4503
1509 2284
2432 3334
1919 2822
2473 3157
1364 2785
802 1279
937 1054
2484 4225
506 1609
1308 2335
562 2531
1216 2416
316 2263
3447 3576
528 2882
1979 2968
4296 5067
1528 3250
1078 1740
1121 4540
280 4420
4350 4846
2057 2066
1169 1171
2096 2161
3239 4106
300 2835
5042 5085
2866 4422
1703 2672
2937 4370
4177 4695
2953 3500
1105 4589
1355 4119
1648 4073
4821 5041
1599 5160
551 1296
944 4054
2949 3665
1974 2833
290 3828
3667 4466
560 2075
736 4177
1565 2086
3011 3161
1654 3158
1535 2687
1118 2319
3870 4223
651 2962
2884 5016
3315 5097
2884 4503
3206 4131
2993 3138
1010 3119
1596 2359
1995 4197
1756 4774
325 2618
946 1327
270 694
1641 1648
1511 3464
4131 4520
2995 3690
1477 2139
1852 2213
2835 2876
2233 4979
1014 3267
1963 5016
3294 4511
1066 3592
1398 4152
966 2120
1177 2366
3698 4706
348 2494
2307 2732
568 960
434 5094
3231 4871
2238 3320
15 5217
1864 3903
109 1320
3336 4133
1739 2198
534 4979
363 375
3064 5158
2945 3828
504 2398
856 2313
656 659
1926 3377
3865 4422
2275 4477
1074 3951
368 3165
4200 4687
2712 4694
1250 4345
543 604
2000 3592
2096 4482
1479 3150
2682 3292
262 2884
1556 3655
2961 4285
268 468
478 1938
885 2762
3209 4360
262 2398
84 207
1241 3289
1924 3992
1242 4627
1013 4021
543 564
3773 4058
1001 4839
89 2753
1191 1535
283 3197
1270 1640
2388 4020
2560 3726
1935 3073
898 4849
818 3549
612 3191
443 3780
888 2764
1303 1973
1853 2497
1153 4647
277 1507
3150 4939
122 248
159 2916
3373 4054
1701 3612
136 4076
2227 3534
3624 3759
1610 1656
2233 5108
1282 3181
740 1664
642 2464
15 361
3320 3641
978 3743
2038 2560
290 602
3411 4062
1636 1680
295 2205
503 2473
3051 4752
2812 3816
592 1657
2810 4993
2670 4868
528 3244
2737 4783
1795 4632
770 2648
264 4957
37 3296
1237 2712
2806 4520
3591 4227
2166 4457
4054 4614
3528 4604
1550 4223
3306 5041
665 2659
840 3327
3429 4667
503 3018
211 212
161 1012
2023 4482
3841 4995
1219 3152
618 4328
2172 4053
3340 4883
554 692
1391 4129
1825 2327
3821 4055
120 1811
2920 5165
2941 3894
1723 2176
2797 5000
1857 2229
2808 3044
1599 3720
2499 3673
4060 4553
694 2591
1053 4665
4993 5209
1808 1901
2024 3558
996 5016
1498 4713
629 4792
465 2617
3074 4403
3445 4542
1399 4312
3097 3289
772 2243
2785 3777
760 2663
3641 5199
2416 4028
3521 5214
2359 2368
1705 4991
952 2052
736 4695
1402 1956
974 2831
1017 2342
1788 1925
1645 1757
2580 3773
2512 3405
2835 2978
4502 5094
3499 5176
2849 4196
788 3698
1435 4333
148 1303
897 2680
1607 3918
98 3589
2838 4989
1488 2013
1138 4741
2856 4625
667 4707
3111 3401
3688 5199
376 3038
4073 4331
2793 2933
2653 3846
2768 3753
996 4553
1641 4779
3143 4021
465 4389
521 3793
599 4744
534 935
272 3516
2285 2889
4295 5158
1091 4745
1778 1861
1152 3641
534 4020
1429 4775
269 3513
4664 5178
2620 3081
765 4673
1121 2933
167 1900
1171 4457
3404 4080
2728 4379
708 3878
2891 3234
2000 2295
788 3136
544 2317
4449 4934
500 1743
2942 3034
1257 1643
142 1998
1857 4993
245 973
3279 4482
410 1460
1795 1945
180 627
1826 3990
3233 4003
1956 3004
3216 3841
1017 2779
2824 3043
2944 3434
2011 3456
3867 4563
1857 4632
3184 3856
3841 4499
2042 2277
411 2673
2428 4249
774 5160
497 2055
225 850
186 3742
366 2004
788 4703
342 1320
3538 4686
896 2499
1260 4253
3063 4744
839 2189
845 2733
837 1558
3636 4908
2386 2739
2129 4409
37 1013
1388 3908
1270 3250
3220 3433
1468 2297
4213 4214
1054 5175
2978 4779
450 2804
1184 2019
815 3146
3961 4938
2487 2695
729 4270
611 753
2224 2817
118 4064
2937 5187
1320 2729
2165 4153
2786 4732
2080 4693
386 4758
1095 3599
275 3514
2664 4502
662 5199
1623 4431
285 1254
3773 5016
3234 3237
1462 3377
2721 4058
675 1238
311 2098
2862 4131
3080 3620
206 1689
1493 5217
2996 5209
1150 1619
173 4145
898 2548
1866 3546
1626 4431
1825 4033
145 3644
2071 3343
1377 3581
1935 3276
3517 4060
2366 2813
615 4503
3327 4639
3620 4255
888 4424
2565 3115
3093 4859
1519 2557
63 788
1617 2162
914 3360
2878 4852
2658 4371
530 1462
867 1116
2487 2500
1055 4979
935 2512
594 3518
951 1000
5037 5039
1107 1672
363 4538
2333 4396
3641 3780
2308 3676
1201 4282
4255 4468
1475 2950
316 3831
701 2882
1681 1732
1403 1956
2627 2840
521 3621
3268 3296
364 4849
278 3636
92 4783
521 3084
1653 4397
2489 2645
1628 2989
647 750
1014 1636
3033 3439
1439 4722
931 4686
1596 2052
680 2565
1247 4512
414 2149
884 1089
3689 4908
576 3787
2133 2335
2387 2996
615 3320
1014 1681
1914 1977
2324 5076
956 5016
982 3657
596 4016
119 152
291 4297
1446 4821
3698 4374
1864 4061
3250 3294
298 2347
2712 4976
3353 4673
2619 2742
1795 3083
1357 4237
4448 4881
31 3830
1171 4431
4296 5158
1956 3411
1976 3708
364 4477
4362 4598
5085 5184
2280 3773
607 2139
3059 4783
3895 5157
504 4696
866 2432
1207 2233
1436 1609
262 2383
2753 2824
3311 4374
178 793
1770 2412
900 4406
1636 3873
3411 4416
681 2433
2721 3517
27 1230
2088 3517
3770 4828
56 4447
3753 4097
40 1121
220 5078
607 2299
720 3851
3235 5064
3196 3633
194 2990
1183 4163
2512 2996
4073 4416
3163 3841
2545 3779
132 788
2035 3543
1648 3970
1947 4643
892 1623
2588 3279
3014 3017
2708 2710
758 4354
4296 4651
4284 4640
1751 4061
37 4431
1238 2793
1211 3726
888 4904
3334 4223
951 4020
3401 5134
1641 3411
1720 3463
640 2990
749 1887
1323 1559
25 526
4474 4563
2504 5081
2512 4482
1000 2387
1022 5037
2394 2881
1106 5037
480 3470
1066 2000
3449 5181
193 4777
2762 4668
4382 4570
2786 4318
3759 4177
629 3241
788 4706
1914 2824
2019 2829
1006 5047
1648 4331
1148 2968
2264 4379
583 2497
951 5209
2359 4104
1023 1068
1626 1844
3327 5132
708 1203
3564 4948
1055 1207
1420 1488
888 3871
656 828
1349 3773
174 2273
5011 5170
2248 4592
2156 4418
1328 3468
53 2080
142 4476
4069 4118
956 2835
1561 4771
4058 4553
4573 4883
1422 4772
2088 4540
736 4485
3298 4819
3234 3267
1025 4618
1911 3788
1311 4722
2073 4255
2641 4175
3266 4370
1646 4699
2727 4296
997 1237
599 2238
14 2433
64 1931
352 4464
1148 1626
358 4123
434 2177
2003 4453
3209 4072
937 4288
1956 3641
629 3549
1055 2233
1297 2336
2727 4179
2023 2233
1648 4058
2320 4641
3582 4731
219 4870
2227 2228
1033 3829
514 1275
2512 4020
503 2443
2654 4253
2867 2901
909 1956
978 4643
3546 5023
144 2748
2409 4164
2667 4960
4040 4142
4494 4843
2177 3708
1794 3333
55 4437
3379 3779
446 4827
2248 5041
262 599
1401 1417
3128 4520
501 1303
2728 3895
2835 3956
513 1717
3817 4060
1497 3734
118 444
4632 4979
736 1732
1055 2810
4372 4699
1126 2968
599 1349
1152 4062
756 4444
1695 1809
694 3578
573 1685
1626 3268
584 1054
1605 3996
504 911
2483 2882
534 4447
1535 2017
2023 5209
79 943
1509 1596
597 2074
1236 4550
2545 3765
2466 4415
1826 4112
3510 4292
2872 4213
2161 5175
121 5193
1053 4745
2199 2805
2881 3399
1287 5194
1947 4502
2891 4563
375 1485
1963 2978
4447 5209
3021 4323
803 2607
86 2453
2280 4058
630 4849
754 3948
2580 2669
959 2036
2088 4331
1732 3624
530 5199
884 1654
2158 5171
1622 4767
354 2530
1264 5144
584 1795
636 4225
598 2526
1648 2978
2383 2721
2892 3162
3354 4867
291 3313
2235 2667
2070 2209
301 4069
2088 4062
802 4350
4167 4168
213 2510
1644 2640
3867 3873
541 2580
4665 4745
2229 3083
974 2285
37 892
1068 2277
4441 4742
5142 5189
3136 4775
678 2109
1800 4050
4877 5039
722 3871
1411 4422
3411 4331
2103 2428
464 4600
293 1919
1983 2052
151 4185
2461 4026
1746 3309
3397 4759
1047 3048
2074 4585
528 2742
760 2223
4416 5199
1455 5212
2060 2753
2165 3735
2060 3043
935 1000
2538 2735
443 1926
2280 2669
2898 4301
3970 5025
1786 2879
3970 4553
956 4503
2096 2388
3306 5141
40 2088
1192 5034
511 3081
2664 3708
2686 5000
191 2000
3067 4427
4349 4467
624 4956
1106 1363
1609 4383
2833 5092
2109 3842
1974 4081
3591 4072
3314 5142
4184 5056
1864 2579
2368 4738
4192 4406
284 3439
1963 2383
896 4328
599 2203
853 3278
3214 3226
1384 4666
3773 4331
1795 2512
2015 2317
1642 4699
1861 4131
3411 5199
539 3402
1493 2361
4672 4732
2237 4668
1546 1762
1227 2777
2096 2810
562 3547
2813 3843
1156 2317
763 1892
913 1883
956 3688
1726 3577
2166 4431
4000 4636
788 948
4979 4993
2280 2531
325 2299
1785 4089
937 3689
2750 4385
1544 3877
956 4058
633 3956
2801 4970
890 3690
1050 1627
1935 3569
952 4309
2567 3512
546 4010
3320 4779
1555 4792
3320 3517
531 860
1489 4139
572 4058
4103 4309
2017 4627
377 826
1626 2968
3021 3764
1477 3080
2473 3641
382 1066
3343 4520
2768 4463
860 1515
3161 4290
214 5160
1312 5167
664 968
1864 2865
2103 2415
1617 5079
1684 3547
1364 4095
2576 3944
1446 5085
2458 3115
4194 4990
227 453
224 4977
4060 4503
3785 5178
1020 4650
881 4657
1250 4811
2937 4462
1066 4675
309 4549
3312 4958
453 3135
2571 5094
120 2560
584 4106
5079 5212
4589 4608
1706 2646
3862 4480
772 1695
2060 2103
694 3097
1749 3228
4225 4561
2359 4103
696 3332
1495 3462
261 4139
4015 4912
1578 3678
662 1917
2473 4915
1172 2273
1854 3873
736 4731
1329 1358
3534 4470
956 2241
3846 4282
2680 3471
3810 4999
1122 3401
900 3797
337 3565
2233 4993
1014 4904
1014 1732
631 1680
57 1291
368 828
755 4448
4812 4948
1718 4155
2436 3391
708 4021
599 3517
1376 4268
1055 1795
3267 4695
3405 4195
3810 4054
2473 3790
1014 3873
1521 1557
532 2835
48 3787
2177 4458
2648 3589
1269 3472
1887 3650
3351 4618
805 1782
366 4732
614 1191
236 2640
3382 4229
383 3407
1190 3795
3274 5002
1019 2462
1508 3513
802 2832
126 3722
323 1002
404 4476
1122 3111
599 4078
1945 2512
1196 1583
4485 5135
100 3338
805 2109
3234 3871
609 1676
2125 4805
482 4639
4920 5181
562 3119
89 3828
3073 3276
848 2891
2997 4802
1876 3662
1684 1842
856 900
3841 4096
960 1754
2044 2576
640 3700
584 1672
2201 2464
502 1181
1010 1684
2473 5142
294 1513
746 5017
2010 4173
345 1832
2783 4188
600 3353
3622 3867
1825 4428
1315 4758
1948 4054
2335 4215
3252 4083
4219 4828
4154 5214
36 2000
228 4131
2083 4165
3970 4744
2658 3126
274 586
859 4554
657 2954
2258 4495
290 4740
2167 4592
599 1963
1170 2146
2332 4963
2552 3466
138 1482
1341 3250
4060 4073
484 613
4297 4872
1107 3083
123 727
1318 2686
1089 3728
515 4547
3770 5178
3143 4670
1854 4695
73 2458
902 5158
1961 2421
1834 3039
2053 3401
1064 4609
860 2678
2996 4482
3412 4979
2122 2711
3768 4475
736 3624
72 3103
733 5106
3686 3877
91 598
461 546
698 2835
629 3074
4331 4965
2166 3269
1963 3320
1184 4234
110 4131
2088 2793
1127 3907
590 1919
2497 5092
777 2944
2672 4941
609 3871
515 1892
1318 2768
2044 2567
2088 5149
1648 2398
2359 3423
1288 2844
996 2238
1570 1861
662 3970
1735 4264
1216 1610
2531 4416
2531 4744
1751 4855
2932 4074
0 1807
330 2982
1029 4245
504 3894
264 2642
2921 4304
2492 4813
741 3312
4639 4862
2664 4618
14 681
3463 4870
4526 4821
657 3680
1490 4602
56 2096
2139 4255
1191 3882
4638 5140
3466 4600
1488 2690
1541 3810
2996 3083
1403 4758
2763 5128
3320 4073
2620 2766
2303 2801
1641 2669
376 2575
1995 3363
4047 4054
2512 4447
64 2842
207 4154
2010 4171
4328 4370
2171 4406
2257 2526
3363 4197
3765 4181
935 2229
659 2162
1427 3093
2112 2277
1890 2650
678 4639
4164 4883
2981 4296
3690 4301
414 1394
2661 2840
2158 2366
1185 2232
609 4695
1006 4065
1867 3407
547 3891
3613 4584
734 4367
3083 4106
1064 1216
4262 4314
935 4482
771 1815
1942 2256
615 1648
493 3951
3882 4428
3314 5092
434 1228
2779 4732
2249 4223
89 4740
1334 4397
1271 1907
1183 2968
1278 4500
1326 2916
2686 4852
1763 3903
1921 3291
599 2473
565 2580
662 2580
846 3866
269 4545
1861 2862
759 4194
631 722
246 996
1594 3952
2198 3436
148 3511
613 3808
1950 3070
1228 3829
1641 4062
3540 4281
686 1263
308 401
466 4395
349 1994
684 3350
1121 1970
2664 3829
615 2580
1330 2741
4696 5142
2144 5141
4930 5222
537 3833
3239 4188
48 358
2951 4532
2933 3692
3878 4549
892 1126
1533 3782
1596 2893
2669 2721
2813 5044
1614 1973
213 2849
4197 4507
2398 5016
1238 2924
4416 4744
1593 4186
3206 3377
2085 4950
2760 3312
922 1108
2236 3655
2317 2482
1956 5030
1757 2915
360 2920
2177 3652
922 5074
3397 4557
1648 2884
1323 2997
1374 2009
64 5074
613 3172
36 227
1122 3888
575 3357
859 2727
1945 4106
678 3097
342 2729
2543 5158
2619 3275
3805 4009
903 4270
1748 4529
4458 5094
996 2398
2092 2871
1108 2421
4065 4841
3234 3873
4058 4062
52 2821
2335 2956
1265 2439
1010 1445
935 4632
2461 3595
3636 4350
599 4058
3279 4993
736 4563
469 4918
108 3722
1765 2651
788 2353
143 2789
2936 3470
2791 5150
956 2473
2091 3240
2737 4428
1537 2699
788 974
1609 2831
657 930
1564 3384
4028 4909
265 5204
1795 2810
978 1206
4032 5152
3411 3688
262 2473
1089 4812
434 3832
3777 4668
1580 3828
2524 4468
1130 2916
1494 2727
2844 3706
4446 4495
2161 3083
4481 4909
1854 4731
3591 3791
4559 5048
3158 3543
2840 2841
956 3821
2816 4652
2173 4910
528 2619
4072 5047
2335 4002
706 1130
1180 2295
3006 3689
564 927
3185 3739
993 2316
1561 3927
1826 2050
2096 2996
2245 3780
1196 4475
4139 4768
218 861
4058 4503
1173 4775
169 3577
4558 4819
2049 3549
2233 3279
2267 3118
504 2884
4057 4448
957 2310
1844 3268
3627 4520
2884 2978
797 4721
3497 5064
4805 5171
440 1579
2089 4224
2766 3164
20 2785
2096 3083
2008 2345
455 3186
3110 4011
834 2889
13 379
2670 2785
2136 4568
3787 4327
502 1946
2089 4332
3375 4696
37 1169
2610 3126
2805 3057
1287 4095
3708 3868
1020 1077
1857 3412
848 3873
1976 3829
1001 3417
2198 4324
2574 4393
1183 4021
601 2611
1406 3206
1429 3311
2360 4252
37 3268
4 654
270 3775
4904 5135
392 1673
3604 3780
2916 3469
2339 5084
262 4331
368 656
1490 4408
1054 2384
2229 4482
1648 2531
2089 3088
1739 4324
3158 4673
2248 4140
1242 4481
1052 4755
528 4955
2807 4104
1644 3797
1798 2211
309 3073
1264 2642
3576 3585
1354 2584
3415 4164
1148 3296
1680 4695
2807 4309
3018 3399
142 193
301 859
4786 4988
4106 4195
1956 4548
64 5079
1544 3968
653 2241
2041 4142
1066 4430
1832 2997
456 2916
3991 4344
1160 1510
3432 4344
134 3486
174 4142
940 2263
3517 4073
252 4899
3492 3592
2128 4298
479 484
387 2592
2465 4602
3083 3405
3020 4678
1080 4558
1193 2256
913 2865
1419 3546
2387 4632
944 3810
1429 4032
1054 2388
37 1626
2793 4812
1795 2996
534 2233
2869 2942
2428 2852
2788 5073
2264 2709
1672 4195
1107 4979
3 3392
4136 4672
1963 5199
2609 4370
346 3229
1672 2161
1568 4065
57 4517
3298 3620
1033 3652
3161 4788
1141 1326
3237 3582
1014 4563
455 2158
1270 3214
128 4734
3460 3461
755 4881
1635 2871
529 3273
657 4777
888 1676
1365 1956
2359 3779
1121 2473
439 554
3867 4177
2052 2807
2492 4165
227 1066
1871 3104
929 2151
534 4666
654 4884
3771 3772
615 5199
1639 2926
599 4062
2205 4852
1553 5240
241 984
2096 4724
2764 4731
3327 4350
2394 4155
602 4659
996 5142
2473 5016
1992 3639
1122 5142
2810 4632
530 2383
979 1911
787 4766
1622 1757
4573 5044
4245 4427
2288 2573
1026 4370
1801 4155
2233 2810
1054 1857
3024 4378
2258 3651
627 4022
465 3495
1400 5141
997 1081
250 871
2629 4480
940 1809
2860 4639
3020 3314
2353 3327
1001 2344
701 850
1963 2398
1078 1827
2248 5184
2357 3904
1270 1939
537 1932
1514 3587
978 1799
1077 1335
3627 4131
1093 3978
3238 4354
508 3423
1012 2242
2512 3239
4106 4447
3569 4439
1315 4147
888 5135
800 3219
1488 4630
3937 4991
1026 4328
4354 5129
1595 3315
788 4142
5175 5209
2473 3517
4779 5201
534 4482
1960 2995
935 2388
1487 5085
481 5224
4142 4175
4306 4435
1479 2299
2196 4852
163 5102
1963 2531
1459 2099
1750 3981
1482 2541
584 3083
148 303
161 3770
3209 4227
4639 4847
262 4779
187 2693
1570 4131
3212 4903
2238 3411
1114 4462
299 2347
3717 3820
504 1402
2487 4923
2428 2676
3428 4625
1346 1774
631 4128
1089 2496
1586 4529
2107 3109
1306 1514
2676 2852
530 2978
2060 4019
3238 4759
302 640
3773 4744
2865 4568
3115 3265
2721 3688
3257 4589
3641 4915
1915 1916
752 3581
3403 5044
424 3395
152 4406
62 4054
615 3970
3930 4126
111 3128
837 838
40 3018
5181 5182
262 4060
534 1384
833 3294
1935 3878
360 3489
4106 5175
2512 3412
262 4062
4058 5199
500 4850
3410 4385
4121 5136
56 1107
1349 5016
1349 3688
948 4983
352 4847
776 1453
223 1956
1641 4744
1617 2047
802 2889
996 1648
966 4206
1367 3507
1384 1672
3457 4737
935 1795
1469 3216
2829 5178
2388 5108
2235 4398
1055 4482
209 4309
1055 4724
3526 4542
1672 3083
625 2177
4668 4868
1857 5209
387 2015
352 4639
2368 2807
2571 3708
1054 3239
2066 4460
2387 4447
434 3829
2266 4841
2580 5142
2023 2161
2571 3832
1659 2824
3545 5105
4651 5083
951 1107
3812 4589
2229 5175
1650 1832
913 2136
2810 5175
1429 3136
110 2793
1329 4743
1583 3207
1131 2178
2435 4237
4020 4106
2389 3621
504 5142
51 3113
3547 3798
1822 4261
806 4730
4578 4812
1263 2599
4545 4752
1755 4446
935 2023
2248 5141
4106 4666
3383 4702
1553 1840
2685 3299
1846 3298
539 1904
872 1359
805 1816
1277 4732
49 2853
354 1643
89 2676
667 4421
1550 2432
1963 3411
379 554
656 3327
3829 3860
3110 4838
624 1865
1672 2388
1680 3582
797 3782
1554 4514
4060 4331
1327 4602
1979 3809
848 1680
1857 5066
59 5202
2103 4249
2281 2531
1743 4283
519 5094
1372 3599
4223 4810
497 498
1499 5053
261 568
2819 4686
4563 4695
2161 5108
2996 4993
4526 5042
158 210
2145 5185
1407 2237
1277 2864
1861 5001
788 2943
3860 4502
653 956
1636 1681
995 5116
522 2080
341 413
2175 5004
320 4595
968 4171
348 1279
1033 4502
2700 4997
2907 4989
3039 4783
38 40
2095 4665
438 4756
2808 3081
799 3640
351 1646
2852 4249
3057 3378
3207 3276
2646 3627
2066 3136
4020 4993
2071 4042
3668 5158
519 3652
4044 4153
678 4340
860 4656
1488 3016
269 2647
1751 1763
3983 4846
189 3481
1325 1505
941 4636
1383 2080
3665 5006
1606 2054
1207 4020
2778 3959
230 4295
2203 3810
974 1294
2059 2203
1956 4058
635 2613
3377 4245
1479 1535
1829 3810
2143 3331
956 1349
300 2531
232 484
3113 3594
739 3218
2448 4595
2968 4163
2531 3320
526 2653
1000 4020
2919 3278
1598 3522
4666 4993
1468 2833
809 974
644 4807
836 1125
596 4212
1349 4317
810 1971
615 4058
599 5199
2212 3014
261 3279
957 4618
4019 5126
3767 4620
316 2651
2898 5142
358 3787
1107 2387
414 4758
2046 4814
3344 4154
2383 2473
146 1751
103 2881
329 2421
3429 4404
2634 3399
398 1902
1098 5004
956 1641
2866 4503
257 1863
1384 5108
408 4713
481 802
1368 2053
2618 5079
2136 4855
2639 2755
1681 3582
4821 5042
322 3754
3902 5156
944 3702
1349 3641
2972 3677
2721 3411
2680 3571
1463 2154
1745 2203
2852 4019
736 3237
3459 4929
935 5108
1593 5180
2851 4815
1685 3005
2568 3519
971 2140
2801 5072
1184 5118
3871 4563
2915 3539
3546 3895
3033 3092
2614 4585
2188 3058
142 3615
1440 5205
503 2835
84 4913
1107 2388
142 3052
1739 2208
2580 4073
2856 4651
1718 3776
17 2563
678 4847
1648 2088
740 2632
3412 5175
2473 4540
1756 1832
329 2000
1528 5152
1018 2073
4168 4971
629 3330
3411 3780
1529 5105
3017 4639
392 3980
251 639
1672 2096
839 2877
2764 3873
584 4993
2334 3226
3572 3739
573 788
3636 4288
3237 4474
1231 1279
1902 4870
823 4123
996 3411
491 854
4508 5231
1931 2335
15 2916
472 3665
2822 3166
566 1035
2644 3982
1691 4433
625 957
629 1248
646 3589
1535 2825
2188 4117
528 4389
2428 3892
1967 5202
434 2310
1369 5104
1882 2275
2557 3134
1313 2558
2178 4118
3083 5175
2820 3433
3654 4253
1228 3708
566 4387
911 1152
1883 2824
4106 4724
1854 3622
4331 4553
2632 3419
3641 3690
62 126
3788 5073
1175 2932
4827 4943
1854 3867
848 4904
2167 4821
2401 3343
4471 4790
583 3605
736 1636
1641 3641
810 1334
1025 2571
0 2415
1433 4298
1857 3239
2387 2388
3867 4128
5041 5184
1318 2366
2891 3622
427 894
2891 3873
3989 5114
2088 2531
2415 2428
2023 3405
1231 1326
1081 4694
1578 2157
1084 4499
3612 3897
3412 4724
2502 4854
0 4171
1774 2653
606 4580
4201 5173
2764 3234
1241 3416
1854 5135
1354 3940
3184 4110
2161 2810
4891 5112
66 4540
1636 4424
227 2363
308 4728
2852 4659
2810 3405
1217 3224
3521 4054
3895 4347
4393 4873
4331 4779
3828 4934
1359 1609
1241 2817
2383 4553
1939 4187
569 3205
254 1877
3367 4732
1055 2388
227 987
2764 4563
2835 2933
1654 4731
290 4496
2134 3920
509 554
1546 4493
3582 4177
3120 3185
2933 3300
3111 4417
638 1963
3809 4021
1510 3132
2956 3825
83 556
1490 4652
2721 4779
123 2316
2446 4255
2884 3970
2726 2735
720 1012
569 3217
3624 5135
3752 3831
4 4003
1654 4578
2148 4114
4240 5048
1095 2986
351 1639
51 3294
467 4598
2886 4138
1489 1777
1105 4171
694 5068
2580 4553
300 4503
2497 4224
2231 4400
667 819
1737 4642
4187 4258
4106 4993
37 1979
2280 3517
310 2722
879 2766
4113 4463
1529 3086
712 1086
3481 5199
4642 4909
569 2491
1775 4250
1233 3012
606 1444
932 2769
1422 3126
2384 2588
2936 3589
1361 4225
1701 5079
1053 3214
434 4618
3088 3236
571 4237
435 1881
2560 4482
3023 3494
978 3150
78 3973
1782 2109
2824 4740
1330 2022
1393 4585
2937 4328
2453 4359
466 5124
3222 4380
2481 2571
3202 4989
1000 2996
2359 4738
3205 4462
2690 4647
4034 5093
2830 3527
4379 5158
3726 4018
1673 3980
554 4880
524 1106
3640 4576
2285 2362
1498 4829
2088 3688
2226 2925
1124 1473
1231 3473
4406 4741
694 3952
4237 5056
2335 4033
557 3910
609 3873
465 925
736 3759
273 1306
979 5073
819 4350
279 3301
2044 5080
1361 4385
2573 3966
935 5175
2229 2388
2277 2767
4347 5103
3726 4867
1986 3611
1302 2088
504 4416
1626 3296
910 3876
3293 4299
3542 4041
1976 3652
3266 4014
1641 4538
1784 1790
482 487
944 4999
20 2670
913 4061
948 980
988 3238
2669 4503
530 4331
1790 2062
1013 1844
191 4675
1208 4405
3582 5135
951 4724
167 1210
3849 5062
2462 4391
9 1011
1152 4060
2626 4259
1223 3750
916 1694
1640 2180
2388 4106
247 678
364 2394
3927 4771
1365 2424
504 3320
387 4940
625 5094
262 3423
1760 4633
425 1709
4012 4440
1676 4128
3239 4632
708 2892
1008 1250
771 2068
888 3237
1238 4581
1227 2668
365 5178
2884 3517
500 3616
4540 4922
3083 4447
659 4736
4474 4695
911 3970
910 4041
1963 4416
235 664
262 3517
798 3965
2978 3320
56 4632
4125 4791
1384 3405
2310 2571
3517 4503
3612 3951
56 2023
2813 4883
1556 3836
330 2793
1326 4989
701 3190
713 811
447 2497
79 743
424 545
948 1021
1822 1834
1000 4724
359 457
434 3652
767 2957
1570 2548
3647 3689
631 4424
952 2368
3447 3458
1133 1882
3871 4695
310 472
888 1680
921 1012
1795 5209
1590 2783
301 3976
2428 3043
1866 4734
1362 3893
3503 5021
2161 4482
2310 4618
574 922
56 2233
956 2978
2167 5141
1795 4482
3980 4239
3641 4062
1393 1745
1445 1684
21 1991
2991 4734
1001 4699
529 4100
1260 2654
1871 4741
386 1402
1641 4060
832 3401
722 2764
3082 4881
2359 4211
4428 4783
3773 3970
1177 4792
2584 4357
3928 5104
2779 4225
2627 3183
862 4183
4659 5126
1107 4993
310 5006
1926 4635
998 2785
3823 4751
2246 2271
116 4982
1800 4428
1349 3517
856 1066
120 1208
3123 4074
23 1792
1012 2744
1587 4596
975 3249
1012 4151
1639 4935
1520 2903
1583 4475
3111 4303
9 912
2448 3696
1680 4177
1288 3706
888 4485
947 4909
2835 3970
3064 3544
625 4458
62 442
1387 3236
2862 4520
3320 3773
22 1669
1012 3242
2871 4542
2481 4458
5152 5212
4306 4528
1786 4038
3327 3660
1388 3877
734 4488
4344 4519
2289 3026
3672 5084
2222 3113
600 4673
1914 3903
3388 4939
1657 5178
866 3334
532 1371
1168 2426
209 1983
2403 3931
748 1578
4060 5016
2383 2835
755 2328
2002 4735
519 3829
3001 3262
2277 2732
2711 3812
856 1106
2810 4724
2161 3239
1243 4783
2978 3773
1192 1298
677 2585
1000 2023
3481 3968
3300 3997
635 4666
1121 3018
2865 3903
4083 4457
3553 5105
1636 3871
1107 3279
4236 4567
1524 2959
1757 4767
1453 2938
978 2014
2534 4628
587 1506
379 439
1730 3753
303 564
3371 5036
2387 4979
1551 4032
2066 4155
3646 4677
2582 4776
274 358
2580 3613
3399 3423
1300 5008
4518 5207
1641 2884
2205 4463
352 1936
4177 5135
3865 4453
740 832
652 1871
463 3209
2968 3809
169 1726
2555 4611
1169 4083
2012 5112
945 4964
662 822
2401 5116
1148 4431
1887 4318
2629 3993
3239 3412
3285 4541
490 3894
3872 4120
1001 2882
534 584
3237 4177
3 1566
321 1393
1330 4445
128 2626
1473 3914
2576 4732
504 1963
1194 3752
1054 4979
173 1319
1846 3898
3403 3415
3279 4447
1911 2788
3029 5092
1273 4142
3720 5160
996 3968
1914 4855
3664 4651
128 564
3237 5135
1763 1914
980 3091
2473 4178
830 2483
922 934
968 991
2029 4236
1979 3268
84 3521
2387 5209
454 1223
2158 3377
2203 2680
2706 4133
2788 3788
48 588
1042 4734
749 1274
4447 5108
571 4503
462 2039
2979 3623
504 996
3046 3855
3310 4409
1514 3946
1780 2676
3832 3868
1055 2161
2664 3860
107 1029
951 1672
3873 4904
337 4867
4392 4812
19 2307
941 1200
3708 3832
1672 2512
1238 3627
2852 5126
1816 3143
1596 4104
802 1164
2933 3150
2580 2835
3123 4835
3320 4062
722 3624
471 2760
1871 4406
1915 2497
2240 3012
3320 5199
1440 1609
811 1268
1551 4013
3162 3207
4636 4664
246 4944
4583 4990
2768 5171
2835 3937
3252 4431
123 993
473 4462
4592 5042
1963 2088
860 2283
1887 2786
690 908
2996 4106
1751 3801
2958 4483
722 4563
678 4586
1330 4123
2484 4561
2358 3841
3504 4101
1480 1736
1230 2935
245 4745
1107 1795
3828 5126
2284 2927
892 1148
1110 2618
3970 5103
554 4772
2835 3690
615 1349
453 4604
2671 3126
1795 2161
32 3852
93 2698
3980 4699
3411 3604
1976 4458
2066 3349
2177 3860
2797 3368
664 1580
1570 3731
1594 3370
1349 4062
434 957
534 5108
1490 2973
900 3275
1796 3214
997 2712
1626 4163
1062 4628
2891 5135
982 3856
2951 3778
2473 3018
1664 2632
148 2766
3316 4225
2396 4352
509 4371
2630 3531
13 2658
354 2882
2161 4195
1177 2205
2089 2449
937 2132
826 5202
888 4128
621 3859
1240 4493
1926 4058
500 1706
2881 4155
968 1580
2522 4825
2667 4398
379 2658
1985 2140
1977 2136
2686 4113
504 2238
1882 5212
2158 4103
519 2571
1040 1790
133 352
2793 3690
4503 4792
1014 4731
3207 3878
1480 2351
1432 5168
3901 3902
2723 3785
1079 1458
3237 4695
1786 4149
4164 5171
2233 2512
2497 4957
1832 2725
3221 4830
1208 1811
2339 3672
1648 4503
892 1844
1349 4553
2561 3677
3405 4020
1368 1802
93 586
4224 4774
3002 3070
2295 4165
1974 3305
2978 5158
4568 4855
271 272
769 1413
1497 2447
1029 3206
2767 4847
413 2691
1330 1642
590 3359
3156 4392
3832 5094
2958 4225
1384 4979
974 2613
2794 3275
1462 4435
4113 4932
948 2335
244 1142
1279 3159
274 5111
2526 5048
262 4744
192 2116
4255 4293
2497 3605
1014 3582
277 2285
827 2645
1580 2945
599 3688
3175 4910
169 3925
1228 4618
722 1636
4363 4531
262 4503
56 935
2445 3206
866 4370
1376 3293
1318 2196
1497 4547
73 2394
3137 3851
4008 4009
839 3645
2266 3925
3759 4731
1795 2229
1207 3083
802 1339
4208 5053
1320 2567
532 3018
699 4812
1780 2428
151 1500
2571 3652
296 3754
1706 3616
3351 3860
4886 5124
233 3729
4697 4698
3641 4779
777 3434
1291 4938
477 3445
504 2652
1296 4052
1408 3769
1001 2118
564 4259
2917 3819
2997 4840
2783 3765
3751 4557
2996 4979
3840 4417
722 1676
1358 4417
3380 4026
626 4480
848 3277
22 4309
193 1578
599 1641
8 2884
1953 3070
2833 3314
1979 3296
335 938
107 1388
127 2547
1323 2555
662 3968
678 2353
54 4515
790 1357
1600 1954
779 1596
4193 5120
2078 4069
781 4636
4058 4744
1347 2362
1318 4463
1273 1690
388 447
2277 4944
793 3656
126 717
3970 4779
3478 4647
3136 3311
2441 4686
892 2968
2571 2664
1787 4514
1323 2353
1378 2261
1976 4502
4002 4657
2954 3815
521 1644
3030 4303
1822 2349
173 5164
235 5058
1592 3134
3790 4538
2061 4590
3350 4308
1160 3132
957 1025
998 1407
3098 3967
402 455
1036 4032
1983 3627
3783 3859
4010 5106
112 264
779 3379
2387 3279
1830 3287
752 3756
148 1533
1013 1183
228 898
854 2911
2665 4996
3642 3668
4274 4954
1365 5199
354 2058
2052 4309
3466 3519
935 1672
1844 3809
1935 3207
1488 2260
472 2960
584 1055
1923 4694
2161 4979
376 1322
696 5032
2358 3163
2023 5175
1780 2852
969 1211
1497 4530
3913 4850
470 1045
875 998
1976 2310
1763 1977
1732 4424
1575 3309
691 4768
1647 4353
4731 5135
48 3619
4302 4520
2428 4496
3161 4200
130 4973
1614 4867
1963 4331
2373 3223
523 1383
926 2708
723 4909
3002 3069
1122 2580
1736 5075
3250 3328
1206 1217
1192 3143
3347 3877
1257 2183
1486 4992
1224 3125
2898 4540
1625 4812
3663 3747
2787 5228
273 277
1055 5209
772 940
1945 2767
3553 5064
611 3158
246 4696
4553 5199
2368 4309
1681 4904
76 2662
1803 4116
1608 4069
407 763
2222 4274
107 997
4656 4756
922 1382
554 2658
1255 2341
896 4703
2891 3582
526 3898
3517 5118
675 4131
2372 5192
300 4744
1648 3688
3472 5008
1033 2177
2691 4601
3320 4331
782 3327
1403 1926
1426 2816
571 1929
1108 3752
4503 4553
3412 4632
678 2916
1101 4995
371 1992
1809 4571
4090 4523
2835 4553
2191 2715
1945 2023
1755 4064
1584 4390
3656 4646
2980 5064
793 2690
1107 1207
167 354
1475 4065
2238 4062
2144 5041
1654 4812
544 5061
142 3097
1413 3588
443 1641
2419 2486
3350 4519
1641 3690
3726 4498
3873 4695
1955 3152
400 3121
1243 3627
3119 3798
4230 4757
851 2340
1171 4163
1329 2417
3252 3268
504 909
504 4060
1857 2233
1808 3990
241 3301
3549 3636
1230 4611
613 4628
3892 4659
1010 1323
3866 5046
1798 4691
2227 4470
2502 5030
1626 3809
1365 4078
1780 4496
1535 2299
2555 3153
2051 2835
1963 4503
913 2579
3582 4563
1945 3412
3982 4625
1447 1909
802 2281
1207 4724
258 2416
695 3309
2115 3744
741 2636
946 4603
1672 4993
1977 4855
1477 3620
896 3626
2687 3042
1730 2366
71 4521
507 3327
473 974
2807 3779
1068 2520
3536 4965
118 1070
891 4783
972 973
1157 3209
2804 3294
1979 4431
1931 5079
913 1914
3759 3871
996 1122
2161 4993
472 5006
188 1038
550 4650
925 4277
988 4478
2161 2512
2639 3591
2473 3320
404 4811
3759 4485
167 3201
1287 4868
1923 4976
4727 4730
464 3466
27 5167
951 2096
1795 2387
2139 2446
2023 2512
189 541
2901 3142
1498 3657
2238 2978
1945 5209
3739 4782
392 1639
1872 3690
37 1148
1990 3727
2699 5202
1349 2721
2132 3236
1822 4240
194 3037
3759 3873
1813 4577
2762 4868
2550 3223
2398 4416
83 3657
2531 2555
3293 4557
0 1255
1300 1512
272 586
2275 4158
4715 4813
710 1956
3672 4585
4686 5202
736 3871
253 3490
3696 4431
710 4581
2933 3690
3598 3951
1528 5212
3094 5039
3313 3739
530 3517
805 3721
2238 3773
2473 4062
170 1005
599 4331
271 588
2166 4163
368 2755
1001 4123
471 741
3140 5064
3604 5201
2383 3517
1558 1598
988 3397
1866 2993
3569 4053
948 2773
2388 4979
1056 4881
2594 2853
739 3760
509 692
2743 4564
1653 4650
1760 3833
1207 2096
1535 3330
3018 3335
1956 3790
1105 3594
4195 4632
631 3873
639 2043
2338 4722
739 1737
2954 4225
1791 3611
271 1507
809 3636
3221 4812
860 2003
1844 4021
146 913
602 2103
3031 3068
187 1322
1487 5141
522 523
2378 4054
253 2384
1000 2096
631 4731
1326 2576
2669 4058
3178 3271
3028 4533
951 2023
385 1481
1854 3759
2415 4019
821 2290
302 4637
2596 3705
316 3747
4447 4979
3237 4563
3690 3790
2505 3395
478 1902
49 2594
1534 2767
3828 4019
667 2621
3584 4138
3328 4651
1458 4248
635 4569
584 1107
911 2721
2639 3209
975 2346
2303 4115
2177 2571
1825 3210
1270 4155
1234 4448
656 1006
1527 3970
1980 4800
2555 4392
746 2993
625 4618
4104 5189
3815 4082
4167 4971
3091 3143
4372 4445
1126 1148
470 4171
15 1339
1773 3251
3368 5000
2282 2767
2233 4447
1672 4106
2642 5223
271 1325
1228 3868
2383 5016
2151 4125
875 4668
364 2234
2167 5184
148 2969
945 956
2125 4164
1498 4369
1641 4142
718 2245
2799 2916
1033 4618
911 2398
2521 2756
148 4333
2233 3412
243 2245
1365 3411
662 1365
871 1180
615 3688
1386 4983
1188 3904
2835 2884
855 856
1262 3600
1639 5193
1433 2128
2237 2670
3622 4563
623 2723
2753 3828
1926 2158
609 4563
1436 2309
2135 3712
2432 4223
493 5212
3624 4128
944 4614
182 2088
3828 4496
2858 2952
3233 3948
273 281
1177 2158
1168 3850
956 4744
197 4734
2881 3430
567 656
1806 3618
2229 2387
85 1657
4045 4538
2052 4738
1079 4589
1228 3652
2892 3569
2404 4251
1323 2799
2280 4073
38 3399
568 1754
1959 4884
223 3004
2244 3294
1680 4474
3833 4633
2784 3157
298 1671
3915 4237
520 4702
859 4101
675 1071
95 4312
1363 2608
3097 3766
229 352
1917 5199
2669 4062
305 2256
2280 4779
2812 3084
3682 4497
1537 3203
513 2336
1639 1673
952 5189
3411 4078
2721 3320
1230 2552
629 2090
1580 4965
1596 3154
788 5034
1474 2341
245 320
4074 4732
1277 3765
1583 2892
426 2766
2074 5186
1250 4063
2835 5117
2096 2229
2223 2663
2933 3790
2473 3335
2398 3817
465 1188
271 586
550 1020
777 3776
530 3377
2533 4936
701 3275
521 4255
2933 4301
1710 3764
2121 3087
2329 3994
1609 5205
2127 5190
948 5020
925 2601
2835 3790
2656 2834
910 3542
246 3032
579 2995
3092 5229
3871 4731
1617 2335
2184 5023
4103 4104
2660 4706
1152 2088
1307 2045
4453 4759
300 3411
3306 5042
84 5214
145 4406
1911 4184
1207 1795
300 996
586 588
1499 2355
1933 3432
1623 1979
2922 3859
880 3249
209 3379
2348 4262
3627 3784
549 1113
528 701
63 3612
1298 4370
56 4106
3294 3767
1327 4603
328 1706
2325 4087
4062 5016
1287 1407
3214 4423
89 2428
4868 5194
1217 3152
1945 2233
3627 3755
1742 3745
1444 4580
266 4865
194 3426
2167 5085
2241 2473
1329 3840
909 3411
2978 4503
2833 4069
68 4248
1700 2267
1916 2497
4711 4712
3057 4887
3661 5086
3136 4370
2599 5186
2228 3534
845 2131
1285 4433
4393 5136
1681 4177
1014 4177
2604 2765
598 4749
698 2997
2960 5006
2299 2618
8 4779
609 888
3110 3111
1514 2562
3083 4724
945 2650
2753 4019
2030 3096
1864 2136
484 1701
