364 2415
3765 4669
875 998
29 5158
1384 4020
2912 4811
37 1979
3809 4083
4283 4772
940 3747
956 3970
2220 3444
2975 4773
2398 3773
3100 3345
262 5016
3253 4851
1865 3943
599 3773
1075 3833
2022 3875
1846 3298
708 2892
2629 3993
1520 3907
2813 4792
4219 4828
360 1557
309 3207
1861 4131
275 5147
4017 4628
1901 4112
1641 3396
3225 3988
1612 3828
4107 4957
1169 4163
537 4045
2481 2571
2968 3268
2824 3892
504 3970
821 3074
1110 2618
2417 3840
1357 3258
156 4505
3063 4744
3571 3636
330 3714
264 932
2571 3829
909 2424
1409 4155
1980 4757
541 2580
3122 3216
309 1096
447 2497
613 2842
1685 3005
1857 2023
379 3126
2580 5016
3765 4732
2052 3423
2603 3797
2184 5158
2276 2393
1844 2968
1276 2489
657 5064
117 937
537 3158
1832 4185
1763 3801
2695 2709
846 979
64 5074
139 4959
734 1825
910 4041
982 1454
20 998
1330 3286
2676 4249
1547 4449
996 2088
1681 3622
1270 3081
1238 4309
2161 5209
708 4053
1612 4773
2996 5175
1866 4734
911 5103
3428 4581
2263 3555
3860 4458
667 819
2280 2669
450 2667
584 1207
868 2027
2944 2998
4195 5209
896 2499
1020 1334
4097 5171
911 4416
1294 3432
117 1786
797 1533
1990 3727
2482 3209
2658 3126
1901 4211
1795 4993
1359 2081
3610 4017
624 2767
2936 3470
1113 1343
3171 4701
1001 2344
615 4331
2489 2645
2233 5209
2491 3821
1676 4695
3652 4618
2061 4590
3636 4348
2373 3223
1217 1871
3406 4012
2967 4102
1641 2721
1080 3298
56 4632
277 802
2504 5081
3140 5064
55 4165
3106 4285
222 1253
434 4458
504 4744
20 2237
309 1583
2229 3405
607 2299
4485 4563
1842 3547
1963 2238
3411 3604
1966 4940
169 4991
2978 3773
1780 3043
70 1128
1014 1676
1822 2097
833 1845
1350 3103
1640 2180
2662 4990
584 5209
1480 1736
1131 4069
722 1680
2087 4656
2705 3878
107 1029
2783 4111
2954 3553
1786 3076
3191 3830
3871 4904
2571 5094
3121 4275
1081 2712
386 1443
945 4964
152 264
2612 2826
3652 3832
672 3636
760 3340
491 2911
2416 2751
114 1804
1187 2752
3370 4602
1256 1297
2000 2972
1167 2337
909 4078
3048 3104
1307 2045
337 1614
228 2862
4302 4520
2784 4964
743 1264
2932 4074
1672 5108
850 4407
37 1844
829 1705
631 4695
1349 4331
1404 2763
1476 4202
142 4476
912 4806
3310 4409
308 3192
609 3871
2629 4480
450 4960
504 4503
435 4756
1739 2198
530 5199
3756 3962
1374 3597
2512 4993
2852 4659
3394 4404
827 2645
3622 4731
544 4589
1933 3991
2060 2753
4131 4656
3267 3873
1124 3914
765 3353
2580 4078
246 5142
2481 3652
196 1312
1965 4571
1475 2176
788 1063
1416 4054
678 3327
920 3200
4315 5064
1963 5016
1317 3463
565 2580
1731 5048
372 1748
1239 4801
2619 3275
1148 3252
142 3052
974 1006
313 2421
1676 3582
4057 4448
4371 4772
1207 4447
2891 3237
3481 5199
4061 4855
1006 4065
823 4123
3832 4618
4852 5000
599 1648
635 3719
956 3063
998 2670
2205 4097
1490 2216
148 5054
1544 5199
2636 2760
3350 4519
652 1192
92 3266
23 1792
440 2102
2531 4073
534 5108
631 1854
1359 3895
3239 5209
4106 4195
2756 4383
1096 3162
4928 4961
2194 3222
743 4150
3622 4424
2486 3916
599 4062
2978 5158
2891 4177
838 1598
371 1992
2512 5209
300 5199
2088 3556
888 3873
466 4886
440 4435
2185 2385
504 1956
1349 1648
295 2675
1872 2473
1298 4370
20 4668
3011 3161
2524 4468
506 1440
3082 4881
1327 4603
1819 4242
519 4502
1782 2739
300 2383
2824 2865
1748 3626
955 4385
4601 5101
1735 4748
438 4994
951 2996
1148 1171
788 4679
1639 4732
935 3239
2088 2473
1152 1648
1014 4695
2981 4296
3822 4989
1555 1862
1102 4766
395 992
83 2706
3463 4142
2728 4379
4463 4852
534 1207
2285 3511
2798 5164
1284 2697
729 4270
327 2819
262 3399
470 4171
2118 2949
199 4774
2229 3412
1115 4799
1763 2824
3934 4192
782 4639
3004 3758
1388 5199
842 3844
1958 4044
911 3773
291 4297
4106 4632
1648 2978
530 1349
1107 1672
911 3688
608 1149
2890 5158
1915 2497
1492 4139
2100 2727
448 1597
1648 3773
736 3873
1018 2073
300 2721
1778 1861
1257 2183
911 1152
530 4058
226 4587
1889 3146
20 3777
4019 4249
981 2679
3220 4484
255 2947
2233 2388
40 4540
839 3959
4164 4573
2650 3821
36 4675
1124 4102
1456 4488
1528 5212
2531 2669
338 4766
1006 3463
710 4581
5081 5195
1594 3952
1238 4427
1054 4332
979 5046
84 207
4063 4944
3843 5171
1124 1473
658 1439
2120 4206
1883 4855
2252 2639
1409 3427
3721 3932
4123 4157
4303 5052
354 1188
482 3014
3298 3898
1028 2761
4375 4504
426 694
740 1664
3592 4898
1547 3828
2449 3386
1330 3417
2933 3388
1325 1505
4045 4538
2335 4002
2721 4073
140 5228
952 2359
1055 5209
1160 2942
3432 3991
2664 3829
3085 4460
1609 4383
2681 3342
4687 5107
2139 2684
2531 4744
1312 5167
308 2754
1142 1786
4821 5141
996 1122
1384 1672
1641 4779
1636 2891
1533 4372
996 3517
258 2416
1637 2650
128 564
899 4710
1763 1914
3083 4993
1641 3517
56 5175
1684 3119
3234 3759
232 4428
1730 3753
1963 4744
2245 3780
2134 3920
1081 1237
2415 2884
1055 4195
3123 5080
1789 2531
2686 4463
2052 4104
4064 4446
1277 3833
3216 4499
2547 2815
1438 3330
378 3082
910 2633
1844 3269
1603 2934
1939 3636
2488 4237
3305 4108
2793 4784
50 1550
1141 1322
885 2785
95 4312
286 1066
546 2197
3581 5178
2891 5135
43 1790
2407 2675
3404 4232
146 1977
860 3787
421 3737
3057 3298
2886 4138
3674 5190
453 4604
3663 3747
523 1383
306 4221
1330 4037
25 3543
552 1584
1029 4427
2281 2567
38 40
3093 4859
560 2075
1401 4808
888 3622
2335 3287
143 216
1429 2591
1479 5131
833 2244
5175 5209
584 2161
734 1221
3688 4058
4097 5000
602 4740
1130 2555
3879 4836
1615 5056
2088 3018
3250 3328
3753 4852
2796 3057
275 277
1760 1825
4379 5157
129 4897
3123 4224
1854 4128
503 4178
1407 4868
2398 3517
2892 3162
1976 2664
1983 4309
3708 4502
828 1475
56 1000
4424 5135
1770 2544
1243 1449
1183 3269
1000 4993
1330 4699
290 4019
659 4065
4021 4665
3124 4300
615 2473
777 3776
301 859
1510 3470
56 1672
698 3933
3902 5156
722 4485
848 3624
3969 5205
996 2531
3895 4732
1322 1326
956 1648
1798 3954
3604 5201
1010 1684
3688 4744
2249 5039
2284 2927
2668 3185
17 2563
1269 1300
2762 3777
2366 2407
37 1169
702 1743
1107 4195
2568 3519
2805 4926
256 2147
885 1364
5042 5085
1122 3375
653 2241
1851 4631
640 1255
1945 3239
2227 3979
2067 2893
3401 5134
2283 3370
5171 5199
1587 5079
2088 4795
2620 2766
3801 4568
900 2214
1211 4498
860 3902
1306 3756
1954 2894
518 2531
1192 5034
722 5135
155 759
495 4293
2233 3083
2644 4342
809 2321
853 3278
1853 4857
2675 3627
1845 3457
4227 5138
1808 1826
675 3025
1328 3520
241 4802
276 4303
1231 5217
1462 4069
337 1973
144 1677
340 517
2161 3279
3885 4766
2473 5212
1536 4926
209 2368
1315 4150
652 1871
4187 4258
957 3351
695 4252
1866 5158
602 3043
978 1849
1107 4666
1782 2109
948 5020
4076 5220
272 1657
4095 5194
2309 3247
3446 3449
1588 1973
3111 4623
1447 1909
4405 4944
1277 4732
3395 5143
2710 3694
1171 3269
530 3773
599 4585
375 1485
2264 4379
51 1303
46 1180
498 2055
2824 4659
1050 1627
2915 3261
782 2109
457 2553
2580 2884
0 3425
2669 5199
2037 3230
4128 4695
93 3756
402 4957
1107 4447
420 5052
2073 4255
331 1857
434 3652
599 3641
2688 4647
587 5138
848 1014
148 2547
2203 4101
1872 2898
3141 5160
2333 4396
1055 1207
262 2238
609 1636
1152 3641
2628 4018
279 2997
1361 5064
2091 2694
530 2580
3237 3624
3795 4321
3153 3156
755 2328
2473 5016
1607 3918
2567 2889
2691 4601
2219 3027
653 2473
4303 4370
222 3608
577 4995
442 4077
2763 2998
3622 3759
1703 4941
3494 4516
1935 3162
2721 3970
2579 4061
3234 4424
623 4374
38 103
2663 4573
1532 2430
3410 5170
119 3045
4069 4118
806 4730
1706 3616
3906 3925
51 5158
3028 4533
2367 3042
762 4264
910 3876
2835 2906
2291 5154
1732 3622
4171 4686
22 3627
3620 4352
1921 3291
615 911
465 900
360 2607
2233 3239
274 3987
3216 3841
3677 4430
3070 4877
3411 5016
3698 4374
691 3835
974 4662
2001 2883
1636 4563
1466 2793
357 3511
1064 2416
4503 4792
1013 3809
155 3121
1081 4694
1193 3934
2067 2916
628 4515
1681 3759
2317 5234
2393 4801
1349 3320
751 3422
1441 1585
2233 3405
2569 3470
1636 4485
304 3766
1208 4405
590 4132
1054 3226
41 3314
1126 1171
922 5079
3821 4032
573 1135
465 2742
2891 3759
1674 2708
530 3411
1663 2698
672 3580
4072 5047
1650 1832
1500 1832
102 4174
772 940
2443 3057
2451 5141
514 1275
886 1598
2148 4556
4110 5092
2907 4989
826 2474
2876 3018
1290 3472
1152 5199
4563 5135
4573 5044
2669 2978
3405 4979
2968 4163
1605 3746
4589 4734
573 610
1743 2138
3582 4695
3695 4965
1902 1938
3970 4060
2846 4954
1349 3319
1448 4371
1672 2388
736 1854
1634 4902
4932 5171
1680 1732
2969 5136
425 2504
182 2088
2287 2759
4010 5106
3335 3763
848 3871
909 3406
2664 3351
504 1122
471 2636
3759 4474
1487 5041
1384 2229
3606 4664
244 1786
2353 4692
2810 4106
731 2232
872 4366
2779 4732
2177 3868
712 1086
571 4503
1845 4737
2764 4128
2721 4331
937 3236
2812 4406
609 1676
3832 3860
1096 3276
3113 3581
1535 2017
602 2060
3614 4116
821 4589
2801 5072
2473 2884
3126 5055
548 1826
1529 3086
1609 2757
345 3380
722 4695
3921 4921
1183 4083
3193 3957
2198 4832
580 1392
1758 3298
2976 4799
2376 4203
1544 3968
1013 1183
3202 3429
648 2835
900 2812
664 1580
3759 4128
537 3765
504 3688
1401 1417
3090 3935
2891 3867
118 444
2817 5084
1641 3641
2695 4923
4412 5018
1326 3105
1732 3582
1730 2205
1384 4979
1177 5199
640 1462
465 701
3269 3296
199 4280
3314 5092
3343 4042
3267 4563
351 3980
108 2444
1344 3081
293 4808
2996 3279
1110 2335
3450 5116
2660 4706
796 1544
2663 3403
2139 4044
2145 5185
1636 3624
2512 2996
2563 5165
1270 4224
1358 2417
3624 4424
2258 4495
946 2928
1426 2816
2714 2736
4073 4744
1498 3572
3805 4009
441 4898
1676 3867
4171 4732
302 3700
2885 4803
918 4656
2866 4422
3472 4972
296 322
4918 5161
1795 2512
2150 3794
1349 2473
504 530
888 4904
4909 5048
1956 2835
187 1233
358 2077
142 2157
584 3412
1369 1594
1942 2335
504 2884
4306 4721
624 1865
1701 2449
1328 2927
2424 3641
482 4075
4474 4904
2793 4540
1372 3599
386 643
2778 3959
25 4194
4264 4748
1001 3286
2555 4317
1681 4177
507 4065
274 588
3320 4060
1247 4512
439 2440
2937 4374
1397 3407
1596 4103
3246 3275
104 115
3568 4589
467 4362
4014 4370
2531 3411
860 1515
3517 4779
1822 2349
925 2601
3335 3399
584 4106
802 2291
3110 5005
4518 5207
2186 2986
1126 4163
4666 4993
79 2662
32 3173
3496 3525
2915 4930
4727 4730
1148 3296
1191 3882
1780 2753
1266 5039
215 2709
86 2659
1148 1169
445 4041
56 2996
631 1636
3110 4303
1816 4670
1067 3636
293 2713
903 1006
788 2282
2368 5189
1456 4367
2096 2161
1493 3048
4446 4919
1416 2153
2901 3474
1310 4595
2317 4043
743 3690
434 3708
898 1861
2972 4430
1623 1844
453 2901
3770 3785
1128 4893
951 2512
530 1926
722 3871
66 4540
472 2722
3279 4447
2540 3593
131 1057
1006 1210
3784 4427
1281 4405
811 1271
793 1950
824 3662
4474 4485
701 4823
2424 4779
1105 3251
1583 3878
1641 2978
2424 3004
31 3402
2290 3214
2095 4665
782 4065
4121 5136
2089 2449
809 2775
264 3680
2473 3320
2835 2884
521 4469
656 2443
260 3294
519 625
1549 2880
2235 2804
2089 3647
3679 4388
3606 4000
1298 5052
563 822
822 4543
3237 4128
274 3498
1133 3827
1512 3472
1169 4083
2440 3126
4180 4565
2852 3892
354 2530
2793 2898
3274 4193
2216 4602
3267 5135
2416 4572
2205 2366
358 3787
1207 4632
4167 4971
1303 3627
2238 3411
3970 5199
241 637
1995 4197
187 1322
1250 4811
564 2626
2473 5199
708 1081
1735 1908
2866 4503
178 2971
625 4502
1676 3759
1746 3309
909 967
3379 3627
2807 3423
3654 4253
128 2626
805 4665
1306 1514
2237 3777
1439 2338
2248 5085
2869 2936
2996 4666
1844 3252
2884 4331
4037 4372
2368 3423
2582 4776
2285 4952
793 4877
782 840
1604 4512
480 3470
33 1628
554 2658
300 2669
2275 4477
1583 4475
360 4988
1334 4650
3823 4751
4140 4526
599 2721
225 850
3685 4949
1468 2833
3382 4581
602 2428
3777 4868
1609 3974
2196 2205
204 2691
3411 4779
219 4870
1058 1634
2937 3698
1608 4118
1104 2330
1821 4192
328 4944
827 2345
2359 4103
884 1654
1648 2531
1029 5062
888 1681
3950 4023
2103 2824
2571 2664
1801 4155
2125 2813
258 3313
3164 3294
830 2483
3074 3913
722 1854
319 370
15 361
1177 2813
2388 3083
9 2087
4293 4320
3294 4737
2088 5149
951 1107
1689 5047
2353 3469
3018 4795
1052 4755
0 1462
978 1799
4030 4416
1369 2326
1371 2933
1177 5171
1020 1653
1672 5209
2788 5056
187 2240
740 3382
8 3411
325 734
2290 4665
117 2132
3517 3971
2372 4975
1227 3572
213 4196
9 2066
1976 3832
4478 4759
76 79
2968 4457
1823 5189
725 3992
1184 1192
1277 3765
563 3672
2284 2916
2485 4080
1779 4005
2727 3328
1077 4397
1658 3484
1983 5189
4583 4990
61 2006
209 4103
1055 1107
2727 4623
809 3571
1963 2280
4249 4740
134 280
260 2244
892 1171
1207 4482
51 652
2445 2650
3056 3206
708 2305
3888 4696
3515 4133
2713 2879
2144 5184
3867 3871
1054 1795
399 4142
2548 4849
1487 4140
3111 4304
478 1938
360 802
633 3452
3609 4965
4503 4779
2177 3860
710 2424
1348 3955
2302 3430
834 2889
2416 4028
494 3952
425 5198
454 922
189 2580
625 3860
1488 2245
80 2605
163 1303
351 3562
746 4071
1672 2512
2136 2579
957 4618
222 798
858 1447
678 3546
2318 3639
243 743
2161 4020
2852 3043
3340 5171
3207 4439
2669 4779
3045 3662
2280 4058
1482 2382
1739 4267
2567 3399
2934 3136
875 4868
3748 4492
1672 4447
694 2591
228 4131
3143 3865
4631 4700
157 2573
2131 3855
816 4514
274 277
4060 4331
785 5158
787 4766
1626 2166
2455 5152
3330 3450
3773 4503
1930 3148
532 3018
2567 2835
2858 4874
4424 4563
3604 4779
2062 4084
290 2103
734 1456
3070 4408
2205 4503
764 2802
2702 4139
28 1434
2642 3429
502 1181
1106 2443
3252 4457
2239 2421
982 3218
2205 2686
4891 5208
3411 4331
120 4482
2070 3585
576 3787
120 1939
446 4827
485 1567
142 3900
1196 4475
613 3808
2766 3081
1207 2161
3238 4012
3646 4284
1047 3048
740 1720
968 4732
996 4058
443 3377
1364 1407
1790 4084
3189 3575
9 5103
4482 4632
485 2259
932 5202
1363 5039
66 1263
2280 2835
1329 4743
300 530
910 3217
1364 2785
2387 2810
2040 4789
601 1746
633 3956
892 1626
250 2536
3320 4779
856 900
4589 5017
142 1497
3273 4142
377 826
1326 2916
1648 2884
2521 2756
900 3797
528 2966
3432 4519
699 3221
2238 4553
302 4637
1857 5209
144 735
4812 4948
2408 4265
1732 3234
1228 2481
569 731
56 2233
15 5217
519 3868
944 989
1795 2388
1373 3597
3546 5023
978 3150
625 3868
4764 4827
207 3344
1206 2203
4393 5136
954 3170
28 5091
3636 4187
1637 4520
1189 2087
937 2132
2691 3159
496 765
3340 5044
2285 4989
956 4744
815 3168
536 2359
148 1303
1029 3377
5000 5171
2161 4195
554 692
1340 3857
2580 3773
2018 4469
4938 5119
2161 3239
1937 2708
1725 2819
948 2773
348 4601
3267 3759
3517 4744
1160 2569
1535 3920
1382 1760
625 2571
1546 4493
2143 3331
946 4603
1641 4331
1093 3978
889 4053
3716 3920
2048 2956
290 2852
3301 3630
3576 3585
3291 4064
3327 4350
3214 4665
590 3359
207 3508
1609 5205
1463 2154
4257 4922
4296 5158
1107 5209
1956 4915
1983 4103
3722 4054
534 1857
383 3407
1705 4991
2672 4941
3961 5119
1455 3003
2229 3083
1648 4503
2467 4360
781 4636
2567 3512
3624 4563
2579 4568
1915 1916
4195 4993
749 3650
1510 2942
4194 4373
1648 4779
4424 4904
1152 2473
3306 5184
3677 4050
1680 3622
3033 5229
2229 5108
49 1938
1743 4063
599 3758
4375 4737
982 2833
1405 3015
1079 3409
1841 2405
3483 3953
1636 3622
1162 1516
3411 4078
996 4553
1935 3569
3877 5199
1732 2891
4424 4485
625 3351
2247 4732
548 1808
2096 4993
1505 1663
1939 4258
3545 5105
1364 2670
1079 1458
1963 5199
2238 3517
2047 2332
282 1434
2804 4398
4602 4603
2253 3330
1107 5175
30 1580
1715 4869
1744 4647
1672 4106
845 4818
293 1401
534 4195
17 4604
1654 4224
4328 4374
935 5175
1528 3250
4347 5103
3449 5181
153 2735
3641 4744
534 2996
3412 5108
2388 5108
2412 3428
1458 4248
369 4347
630 1570
625 3832
2812 3816
4177 4904
3828 5122
639 2043
4177 4474
1326 2285
1295 4370
2978 3641
555 3517
1287 4868
884 4578
2548 4503
2918 4830
461 546
860 3733
603 1694
1010 3119
1068 2359
2238 3688
480 2569
1000 3279
290 4496
1444 3726
635 974
1870 5139
9 3517
657 3235
1626 3296
259 1645
4125 4918
948 2072
598 1009
3840 4417
107 3025
3025 3908
1706 4405
707 4677
97 1616
2504 5198
1529 5105
3759 5135
1490 4408
1148 4457
2343 2538
3401 4623
4447 4482
2997 4131
354 2058
1121 4795
1945 5108
4271 4493
4154 5214
2089 3088
1349 1641
2353 2576
584 2388
736 1676
1676 4424
1116 3727
1121 2835
1436 1609
1589 3161
89 2428
537 802
3851 4888
678 4847
2191 2715
935 4632
3174 4150
4058 4060
2416 3923
501 4210
1882 4648
1756 1832
2901 2902
2271 2561
3664 4296
2996 3405
1547 4660
641 4835
2387 4632
2103 2753
2409 4164
2020 4826
772 2215
300 2835
3627 3784
2415 2676
1914 3903
713 1268
3120 3185
155 2748
2348 4314
2343 2735
2898 4150
1025 4502
3246 3263
788 4800
1626 3809
236 2640
1834 3838
51 4207
3065 4552
4000 4664
1535 3042
2860 4639
476 4166
1672 3239
4451 4631
1757 2915
822 5134
609 3622
1914 2824
2686 3753
17 5224
141 2326
884 2918
506 1609
911 4062
631 1014
3405 4724
14 681
330 3323
1141 1521
892 3269
919 2491
2892 4053
788 4814
4268 4299
706 3731
1330 2344
1207 2387
2025 4732
3412 5175
1772 3214
3404 4080
3701 3779
1196 4549
1079 3812
1927 2150
1197 2225
261 3279
674 1247
3641 4060
3210 4428
5044 5171
3110 4011
1617 3330
691 1492
2166 2968
1230 3466
1675 4285
2719 4205
867 1116
788 3435
3696 4021
615 3411
5152 5212
2822 5158
2670 4868
4920 5181
940 2263
586 588
3429 4667
1106 3070
1816 3143
3843 4805
1641 2398
1566 3392
2487 4142
1064 2751
342 1230
3320 4744
1397 1756
2079 4401
3410 4385
2238 5016
1291 1549
1318 4463
2011 3456
3320 4331
1362 3893
2813 4573
4431 4592
1117 2372
951 1384
1672 4482
2631 3357
2359 3423
189 3481
1916 2497
2523 3583
902 4520
1230 2729
1184 5118
44 3711
1659 2136
3441 4625
753 2750
7 2149
2990 3414
2290 4633
1956 4548
653 3320
66 1641
4113 4932
2824 3043
1851 3066
2531 2884
2675 5000
1279 2494
1477 2139
5042 5184
4073 4331
2874 4255
1963 4347
1741 4772
659 3822
1124 4588
2640 4589
2742 3246
1178 3807
470 1770
1000 2161
860 4103
2158 3779
3067 3849
1886 3161
194 3112
1377 3581
2764 4563
413 802
412 1328
2999 4965
3006 3689
3456 3635
951 2387
142 1998
1641 4060
2023 3239
867 2747
3113 4954
2991 4734
1217 3224
2407 5000
1107 2161
2103 2852
3538 4686
3370 4165
3813 4479
2431 3112
1625 4812
1500 2186
1148 1979
1895 3961
3160 3805
2892 3073
4811 5229
3141 4384
3067 5062
3064 5158
3237 4485
2191 4370
5064 5210
3677 4414
956 4073
659 3150
329 2076
1477 2446
615 2669
2979 3430
3206 4538
2383 2580
2072 3947
956 2473
504 2721
2783 3602
637 2997
1974 4069
1487 3306
2958 4225
20 4095
1044 1156
1214 1819
4339 4768
1429 4775
1479 2833
2347 4974
699 2203
279 3301
3209 4176
271 1209
695 5063
203 827
1387 2132
888 1014
214 1599
909 4779
706 1324
1090 3614
4128 4485
986 3519
629 3074
530 2884
1084 3824
2921 4304
293 1919
3412 4447
275 5111
1571 4520
5011 5170
397 3503
988 4478
1857 4724
2040 4360
2587 3455
385 4760
3821 4964
1239 2276
2941 5106
4431 4457
2551 4897
1956 2580
3965 5100
295 4852
3353 4673
896 1298
3239 4020
2280 3517
2916 2936
4482 5175
1836 3668
509 3126
516 3223
235 1580
4297 4872
2861 4512
2103 3828
3056 4245
2916 3472
3589 3792
1441 1498
2088 3518
3447 3585
2684 3080
1330 3781
133 229
1612 5023
14 4957
2479 4817
2248 4526
220 4647
2153 2377
2103 4496
4277 5015
2088 3153
1445 3547
1176 3149
2161 4979
1788 1925
998 2237
907 2922
3039 4783
602 2676
404 4811
1826 4112
2015 3209
1323 1842
3143 3214
693 4986
257 1303
2996 3239
4122 4827
3119 3547
2657 2749
2144 2167
596 4016
2070 3576
484 1701
20 875
1963 4062
2212 4850
3363 4197
116 1031
1324 2353
1382 2449
1152 1349
2052 2807
2196 2686
1861 5001
3162 4439
3079 4506
1659 4061
2240 3369
2512 3239
3411 4058
191 2000
1494 2727
3083 4482
3909 4619
2250 4944
4632 4979
1122 3926
2367 2687
246 3888
1638 2793
1207 3412
694 3578
599 4058
5031 5217
8 4779
1963 4058
1044 2317
653 2669
1204 4660
4398 4504
386 3641
1052 1766
1236 4550
1250 4944
39 1774
2718 4149
271 3498
1288 3706
900 4406
788 3075
2721 3320
2238 2531
1945 2233
849 4182
1228 5094
973 4742
848 4128
3871 4731
89 2852
56 2810
4664 5178
2071 3343
3689 4332
1183 4021
777 1404
493 569
2238 3773
900 2635
898 2997
274 870
736 1014
989 3702
4630 4854
2162 2486
2835 3320
1859 4263
2497 4107
911 4779
3878 4053
802 5158
4044 4269
1537 2699
1977 2136
802 1230
1732 3867
3735 4044
2768 4463
1842 3119
554 1743
81 1929
1244 3882
504 1152
2341 3837
1157 3209
2783 3239
2786 4318
3809 4163
822 3289
706 1570
1787 4514
1008 4803
1489 4139
3980 4239
3238 4354
4779 5016
2424 5199
1786 4041
635 5034
698 2692
262 530
182 4392
126 3722
537 2469
56 4724
2445 3790
2423 4477
1303 4210
573 788
1411 2866
3218 4110
4047 4054
1603 4882
4103 4427
1349 2531
2280 3970
674 4512
37 73
2229 4195
731 5212
1730 2675
743 2473
3682 3865
2228 3601
504 4538
2727 3441
2175 4689
2174 2315
2762 4868
2680 3352
1201 3846
1911 3788
793 3478
788 4703
3582 3871
116 3693
1313 2558
2872 4214
2525 2953
400 2480
3598 3951
2166 3252
4476 4732
3158 4990
2166 4083
1500 2986
1854 3582
3250 4333
2235 4960
1732 3871
2835 4416
1107 4106
1672 3279
3136 3311
379 439
1173 4794
3646 4677
3641 3970
893 2113
2088 2669
1644 3797
2326 3928
2936 3132
849 3304
2280 5016
1923 4694
860 2709
1189 3982
3368 5000
1510 3132
2086 4385
1000 4724
1883 4568
1844 3809
839 2633
1254 3725
1031 5033
3161 4788
2580 5142
3293 5002
2279 2691
1493 2576
3067 4427
3314 3609
4398 4960
2531 3119
122 248
1926 4758
113 2618
592 2637
2897 3704
2084 4142
1054 2512
4249 4496
1422 1743
1127 2145
956 2784
3220 4905
584 3405
364 2391
2177 4458
951 1000
2060 2428
336 400
734 2736
1297 1717
2636 4958
3401 5004
1350 4119
534 2161
364 2234
3822 4820
2994 4054
3341 4984
832 2068
64 613
875 1287
2177 3829
27 1230
1012 2744
996 1917
2280 3641
494 694
37 3252
1819 3254
996 5142
2644 3475
2415 3043
1323 3944
2978 4744
89 4740
530 1648
2066 2074
562 1323
325 2188
3411 4744
1326 2555
920 3629
3314 4634
2264 2695
530 996
1071 1596
935 4020
887 4584
2569 2869
3668 3911
527 1307
2065 2904
740 4751
3641 4503
259 1757
373 444
3865 4557
1583 4053
573 1633
360 4786
2188 2225
2297 2833
3828 5126
1786 2718
1398 4556
2329 3994
1719 1870
2383 5199
2401 5116
4592 5141
4592 5042
1636 3237
1128 2275
192 3078
599 1963
1025 2664
1171 4431
1334 4397
1054 1945
656 828
2729 5224
2211 4691
2258 4446
1010 3798
444 3013
3467 4001
2335 3330
1681 3871
2235 4504
4114 4556
2387 3412
1066 4430
2804 4960
3328 4296
567 656
455 3186
3182 5189
1331 1679
1799 5119
1612 4567
2353 2799
4040 4722
2500 3889
3745 4305
736 2764
265 5204
951 4482
1498 4829
2074 5186
470 1105
1487 5085
3239 3405
2136 3801
2953 3500
2440 2671
4066 4139
2898 3641
980 3075
2679 4413
3351 4458
204 2284
659 2162
2023 3412
2387 4724
1795 4106
246 996
1904 3830
107 1081
3046 3855
935 1207
2446 3080
2580 3411
4370 4374
2125 4805
1189 4656
264 4210
4020 4632
599 4416
1719 3890
3690 5142
9 4656
460 1638
789 2128
4225 4561
4347 4734
2445 3627
1092 4656
3809 4021
3356 4987
983 3427
2383 4553
848 4731
681 2374
205 2913
2813 4883
2167 4526
3721 4670
1126 1148
1077 1335
1384 1857
191 329
533 5051
3622 4485
118 4226
2691 5101
2619 4389
3336 4133
3092 3439
1982 3805
951 4979
4538 4581
3214 3251
309 1935
1943 3261
2377 4054
1818 2165
1808 3990
3327 4800
1517 3134
1152 4503
541 996
3708 3868
646 3581
15 2916
2984 3300
1861 3399
2742 4389
633 698
534 3412
678 4639
1141 1326
1579 2102
2536 3730
917 3827
3822 4775
269 2379
746 4589
83 682
434 1228
2580 3688
792 3774
2813 4805
1107 3083
2310 3829
3871 4485
701 4490
1349 4553
2103 5126
3375 5142
118 4142
1956 5030
3636 4098
639 4716
1007 1812
3379 4738
2167 5041
1497 3900
2113 3797
790 1617
530 5016
1700 2267
4668 5194
4899 5022
1751 1763
465 1494
669 3924
937 3839
1883 2865
994 3563
1967 2597
469 1134
1732 4695
1215 3250
2158 5062
2276 4801
2491 4034
1240 4493
1107 1795
573 4142
1814 4559
524 1106
1854 2764
205 2553
3441 3749
2966 4389
2629 4747
3606 4636
262 599
669 3450
996 4779
3752 3865
147 544
2561 3677
1490 5039
3475 4290
45 1432
1492 3835
2158 2366
956 4964
216 2789
1126 4021
1193 1942
148 564
3261 4930
40 3018
2793 2835
1748 3198
1817 2957
937 3765
1648 4062
521 1644
3997 4222
3082 4448
1148 1623
952 1596
2060 4019
3821 4055
1786 3483
857 1613
3641 4073
1857 2388
2387 2388
3936 5182
4593 5142
2320 4645
3925 4991
48 3619
1963 3688
2044 3895
1558 4895
247 3017
1106 2313
1857 5175
54 4515
269 3966
1018 4255
1701 3598
1958 2165
4821 5085
1887 2786
1763 1977
4 1697
2801 5156
4890 4977
951 5108
741 4958
12 1362
2203 4049
3627 3894
1025 2571
1238 2978
3828 4486
1387 3236
3517 5016
788 2084
2013 2260
3320 4503
888 1854
1592 2286
1000 2229
4331 4553
3701 4531
4095 4668
1060 4918
1303 1973
241 3301
194 2819
2843 5052
504 2473
2203 2680
1361 3140
1760 4660
4208 5053
1243 1867
2531 3550
2531 4416
913 2579
3252 4021
409 2948
2398 5199
1054 4993
2824 4568
984 2997
1664 3463
1384 4447
4362 4598
148 2766
951 5209
1745 4746
673 4142
232 484
587 1398
764 1463
4306 4435
295 4463
1976 4502
1757 4767
1844 2166
89 2824
888 4731
2205 4852
2933 3243
36 227
3351 3860
1175 4074
3300 4222
2486 2500
2748 3704
1794 5003
997 1237
1717 1872
2784 3157
2051 2835
2510 2849
2428 3043
4164 4805
1318 4932
657 2954
77 1271
979 1911
764 3541
1596 2052
262 4744
273 277
2807 4309
316 3747
236 3110
2532 3017
79 1264
4303 5005
996 2721
2788 3866
2663 2813
3770 5009
631 848
1132 3204
1963 4503
1696 2930
429 4138
2661 2840
911 2721
3829 5094
3403 4164
1196 3768
5 2389
1105 2709
290 2060
979 4184
530 2978
708 3878
1179 2694
1443 1926
1152 5016
1659 3801
56 3239
5165 5224
769 3581
2419 2486
1682 2724
3523 3527
1388 3025
3567 4751
97 5000
592 1657
1547 2601
135 1521
4328 4679
953 2638
524 3329
1480 5075
3294 4398
3344 3508
2649 4955
1795 4482
985 1450
951 4195
3531 4466
1829 3810
951 2233
1487 4526
680 2565
714 5004
1885 3684
2884 4744
586 3963
673 2487
4203 4965
2244 3294
2630 3531
2862 4849
1262 3600
92 118
3403 4883
1790 4768
1648 3517
2139 2165
660 3803
2997 4840
3405 4993
2804 4375
3306 5042
209 2807
2601 3250
996 3320
3415 4573
1048 3826
2543 5158
2835 3335
4295 4672
2056 2202
2394 3144
4628 4647
1347 2285
708 4021
615 1641
615 1963
708 1583
892 4457
1036 4032
2618 5079
1217 3152
879 5036
1783 2689
4073 4416
1148 1626
1733 3441
4843 4909
3621 3797
203 2851
2706 4134
951 1672
2307 2732
4020 5209
1183 2166
609 1732
1884 4454
892 1844
3785 5178
1555 4792
1184 4345
2937 4006
1096 2892
274 3963
1309 3982
2669 4744
743 1926
883 2268
163 959
1891 3331
902 1956
2252 3209
2066 4155
2531 2580
543 604
534 1795
2228 4470
3788 3866
2835 4553
1014 4731
3439 5229
2824 4249
1499 5053
70 2660
86 665
1330 4239
2978 3517
4050 4428
1854 3237
245 2322
416 528
3677 4866
1470 3772
736 1636
1089 1625
539 1629
1327 2928
371 1066
89 4019
631 4563
1922 2113
2245 2685
3162 3276
277 3987
944 4054
1122 4696
869 2971
3312 4958
54 628
1056 4448
1165 4437
261 1492
1784 1790
300 3641
55 1165
2139 3620
3064 3544
1318 4113
262 2978
2159 4685
1108 3662
1183 2968
4379 4732
1025 3351
1672 4666
3163 3216
1938 2359
996 2580
760 2813
89 4659
1975 4013
356 2422
1055 2810
3627 4309
1795 3405
3522 4133
2632 3419
545 604
1540 4637
628 961
2737 4428
1365 3641
529 1848
504 2531
2680 2720
1273 2937
2005 5059
2066 5064
2388 4632
600 3158
4611 5167
534 2023
1445 1842
1736 3821
3569 4053
860 2184
443 743
756 4444
2088 4062
1681 4904
1973 3565
3314 3982
335 845
2850 5029
952 4104
1054 1107
528 4389
3624 4731
952 4738
1680 4177
3083 4447
2212 3913
4371 5055
875 3777
752 3581
3298 4819
834 3048
360 2920
431 3558
3828 4496
3045 3104
1204 4639
1882 4540
113 3806
574 656
2833 3314
4322 4446
2922 3859
2280 4331
2670 5194
3412 4666
4540 4922
3466 5167
1407 2762
562 3119
4084 4768
4155 4341
1350 1352
2865 4568
4222 4717
2114 3145
720 1202
3881 3917
4163 4457
84 4154
3690 3780
911 2978
848 1676
368 656
1161 2434
1180 2000
3745 4386
2093 3277
1025 2177
537 1251
434 5094
1616 5000
4331 5016
79 743
1152 2088
760 4573
473 974
4249 5126
4979 4993
1856 3413
146 3903
829 3925
4249 4659
675 1071
3403 3843
956 4178
2345 4171
2727 3111
4672 5158
3502 3984
544 4138
1959 5039
284 2109
2038 3726
1992 3677
788 2909
2387 4447
2324 5076
1033 3829
2290 4428
2669 3773
2852 3828
4020 5108
465 3634
1786 2132
1330 2022
4062 4553
1454 2745
424 543
2473 3690
3314 3828
1755 4446
3569 3878
802 1279
1051 2553
590 1919
2280 2978
107 1388
670 3638
426 5068
611 3158
1440 1609
2793 2924
4482 4979
619 1843
262 4073
4596 5079
2080 4693
2096 3405
1777 4139
1282 3181
1703 1943
1095 2986
3622 4563
1659 2579
713 1271
2918 3221
3306 4821
4460 4625
1104 1337
892 1148
2491 5093
3283 4155
20 1364
957 2177
2768 3753
3187 4309
1042 5017
1806 3618
902 5158
599 5016
1702 3857
4426 4729
4060 4744
1510 2569
3668 5139
1171 1623
1890 4032
3822 4736
2481 3351
483 2443
1148 3809
495 4255
3081 3164
746 5158
290 4249
1006 2443
414 1655
4155 5064
3868 5094
2603 5230
1354 2584
470 737
910 3542
347 3390
396 1490
2472 4631
1751 2136
246 504
2359 2368
2728 4192
91 598
722 1014
3970 4553
2806 3343
846 3866
3320 4915
3239 4632
760 5171
20 1407
1152 3320
4058 4503
1076 1714
2822 4506
1014 2891
3037 3426
4338 4493
546 4074
1958 3057
717 4054
631 3759
2807 3627
3219 3977
936 2603
1001 4123
2398 3970
209 1983
2580 2669
1636 3267
2996 4632
461 2197
2359 4738
1014 4128
2636 3312
84 4913
3790 4538
3496 4903
3495 5231
717 1255
465 2966
522 1383
1349 4060
272 586
1751 4855
892 1169
2 4674
706 2353
264 1105
833 4375
319 1879
599 4331
1207 3279
1844 4431
2341 2963
2555 2916
2607 4260
781 3273
1081 2498
802 2868
1326 2838
1104 4406
534 4993
879 4259
563 2817
300 4331
2321 2775
1857 4482
793 1106
159 2916
2532 3014
699 1745
1751 1883
2015 2384
3403 5171
2531 3547
613 4628
2712 4976
2244 3457
214 5160
2066 3645
1541 4684
2560 4482
2842 3549
106 5178
3327 4032
4370 5052
2888 3959
660 2986
625 3708
3735 4153
599 3688
288 404
1446 1487
348 2494
2977 3302
3436 4574
2793 4392
1022 1363
1243 1303
4786 4988
2216 4879
4093 4307
68 4248
2238 4073
2916 4972
565 3613
470 2544
534 584
537 4538
1751 1914
845 1381
163 5178
2071 3547
385 4135
1891 5118
434 2664
290 4740
738 4870
4526 4821
234 3705
2781 3965
3549 4098
1000 3083
1666 1910
3829 4502
2418 4171
4413 4940
969 4018
530 4062
1648 2238
148 2861
2657 3238
1947 4502
1943 3539
1014 4904
1407 2670
1521 1557
888 2764
537 1832
142 366
2764 5135
1122 3111
3604 3780
2449 4647
4168 4971
872 2501
974 1933
1255 2990
1706 4944
10 4284
988 4759
1773 3251
2968 3296
2869 3512
1207 2996
122 3636
1189 3349
1864 2579
2619 2742
56 1857
888 2891
587 4176
1848 4550
2359 3379
1871 4406
1152 2383
3779 4738
1238 2924
2088 4060
1935 3276
1680 3582
1363 5037
3217 3821
1345 1999
1578 2157
713 3463
254 4281
2351 4055
611 3721
4145 5164
2819 3112
2609 4370
1000 1945
284 1054
171 4025
1933 3350
2158 3377
298 2347
640 902
609 1854
1213 5065
1458 3812
1183 4431
645 669
1230 5167
3349 4155
2700 4997
1822 3039
2511 2665
2092 4428
1506 4152
2566 2994
3603 3765
4008 4009
1832 5121
2158 4245
2515 3942
3439 3670
665 2659
146 1864
2310 3832
755 4881
2768 4113
245 4595
3779 4103
1498 2160
827 2489
4476 4811
675 3154
4078 5199
793 1974
3846 4282
1636 3873
3343 4068
629 1072
613 3172
798 5100
1979 3269
196 5167
4114 4326
1364 4095
2264 2487
4106 4447
1985 2049
3057 4255
958 2867
3273 4100
1068 2520
2510 4196
321 1393
537 3833
1001 1154
1000 2233
1490 2816
2023 5108
3113 3594
922 3158
1238 2785
3873 4177
699 4812
1029 3056
270 3370
833 3457
1608 2685
898 4503
1234 4448
469 1456
1300 3472
2388 4195
1659 3903
615 2398
1384 4724
642 2201
3379 5189
1006 4305
3234 4485
806 5093
4131 4520
734 922
3411 5201
3275 4823
2881 2979
1152 4058
146 1763
1756 4774
988 4453
550 1653
563 5084
148 3546
4477 4893
4062 4503
1497 4547
1156 3209
934 1931
1364 3777
1583 3207
1157 2317
1603 2203
2571 4502
382 3677
847 3752
4570 5188
1641 2580
4103 5189
2280 2531
1672 2233
289 2249
1054 4666
1029 2158
2526 2704
1926 2158
2186 4185
2669 3688
262 4416
1641 4503
1862 4319
615 2383
530 2088
1148 2166
3394 3429
1976 2571
3882 4428
1641 4744
4148 4335
802 3048
1011 1869
696 3332
3405 5209
3423 3627
509 692
640 4435
1365 1956
1979 4163
3083 4106
440 1462
662 5103
3770 4785
2359 4870
1319 4145
2074 4708
2328 4881
148 3511
996 4944
701 2619
663 1111
3794 4938
532 2933
2350 2354
5023 5028
1748 1791
1977 3903
1935 2892
1237 1923
107 1237
209 952
1189 1368
2161 5175
262 1349
482 3017
264 1865
3913 4379
342 2729
243 386
473 3205
2373 2550
1842 3798
3169 3495
530 1963
911 4073
3304 5010
1054 4482
1052 1385
4019 4496
988 3238
911 956
5000 5172
4482 5108
4694 4976
3418 4840
1349 2238
4102 4588
253 3662
1672 3405
3048 4989
4652 5039
1509 2284
615 5199
1479 3150
4218 4503
2749 4538
911 5016
2229 2387
944 4999
2416 4609
1570 4849
5108 5175
1765 2651
3196 3633
802 2889
1935 4549
3055 3186
3001 3262
979 3788
755 4448
789 1433
981 4940
1890 2650
1488 4630
1445 3798
598 1411
1433 2128
3595 3636
1133 5212
802 3462
267 4135
3856 4110
1583 2391
127 2815
2670 4668
1337 4608
262 300
1672 2387
531 860
1490 3981
1368 2053
607 1456
1013 1148
1279 1323
2394 4155
982 5092
2000 3592
93 2564
2182 3136
1641 2599
1522 2009
535 4076
1637 3779
516 1880
160 4944
839 1291
4382 4570
2233 4020
968 4236
740 2412
2555 2893
1113 3325
1933 4344
2428 3828
584 2810
1510 3034
866 4370
3018 3063
3517 5118
509 4371
1126 3269
269 2717
190 3064
544 721
1330 4123
1384 2233
4134 4188
2388 3239
4448 4881
2027 3618
3239 5175
1831 4892
481 2935
3226 4332
1561 3927
3867 4904
788 4142
2613 4666
996 2424
73 4155
1703 2672
826 5202
2576 4692
1054 3083
2799 2916
1570 4131
1861 4503
2238 4416
2341 2486
2937 4778
922 2089
740 1719
3517 4073
1681 2764
4032 4775
2023 2233
1822 3838
1419 1650
717 4173
1699 2371
2916 4660
1243 2559
148 3081
1236 4581
1986 4582
956 2398
1639 5193
948 2335
2415 4249
1926 4058
2671 4371
2753 4019
9 3349
534 951
471 3312
3672 5186
2753 4740
909 1956
1676 4474
1648 2580
3083 4195
4125 5161
312 1609
1475 4065
408 4713
1599 5160
3065 4295
4083 4457
3251 4931
3568 4931
364 2770
1181 1946
2532 4745
52 374
809 1387
3673 4328
101 2919
1670 3274
631 3873
1720 2779
913 2136
764 2154
630 4520
1665 1798
471 2760
522 4693
848 4485
1455 5212
978 5119
2282 2767
1737 3218
2861 2993
1570 1861
4267 4832
1464 2069
2414 3297
92 3897
1010 1323
1064 1216
1162 4603
3148 3833
948 1266
3624 4695
2023 4632
4032 5212
1648 4744
3729 5093
1979 4083
2130 3401
456 4989
882 4329
79 3780
3209 4043
798 3965
1549 2415
407 763
1239 1678
1076 3789
3633 4860
3768 4475
2184 5023
599 4503
537 2353
148 354
3185 3572
3196 4860
1516 4602
1985 3549
1206 3224
2505 3395
1160 3034
1577 5076
1326 3944
2455 2458
2416 4834
667 4421
368 2639
3411 4416
1180 2295
1641 3690
1138 1871
3690 4915
2677 4007
2456 5227
268 5166
2935 5224
1564 3384
1259 2992
443 3627
287 2340
5079 5212
2706 4589
4651 5067
3149 3887
1521 2362
1177 4792
740 2632
3258 4237
4529 4703
455 3686
1128 2660
465 4815
260 4737
2042 2277
57 4517
325 2618
2162 4148
659 2591
635 2387
1965 3137
1857 4632
1914 2865
1961 4798
884 3221
1055 4447
978 4939
2060 2415
717 4154
301 3976
788 1701
502 1946
2863 3743
142 2578
1580 4965
70 948
1289 1835
14 2374
3294 4375
659 3570
2229 5209
2292 4202
4262 4314
5158 5183
1053 1530
678 2767
249 4248
3985 3987
156 3491
341 2691
38 4454
2835 3399
1842 2531
626 4480
17 1521
4463 5171
722 4563
3459 4929
1795 3239
602 2824
2125 3843
917 5212
2664 4618
656 974
465 2619
1404 2944
124 1067
2748 4074
1648 2473
167 3201
4063 4405
1231 3473
1763 1883
1089 1351
551 1296
3773 4553
2481 3832
3726 4867
3267 4485
802 2281
349 4376
264 4138
4002 4428
1651 3558
3389 4275
454 3750
532 2898
260 450
262 3517
743 2317
1012 5178
2670 2785
1400 5141
2759 3387
1636 4695
2933 3692
327 466
1586 3038
1979 3809
1054 5175
911 4058
277 1209
1685 4142
881 4657
629 3241
38 3423
760 4805
417 4762
1780 2428
3214 3226
15 2607
790 4963
1760 4642
892 2166
1756 2997
465 2357
911 2473
1054 4979
2238 4062
3971 4090
4639 4660
956 4779
3773 4062
4123 4372
1871 3835
1107 3279
562 1842
1757 3261
4636 4664
2387 4993
3542 4041
1175 2701
4019 4740
4642 4907
2545 3779
1344 2620
3779 4309
505 2741
3188 3625
3 3392
805 3143
260 4375
2448 4595
3572 4024
1844 3268
3465 4142
445 569
159 2067
3591 5138
3778 4532
1680 3234
922 934
398 1902
1267 4663
3288 3292
1029 4976
1997 3273
1371 2473
1007 2109
2688 5039
598 4749
867 941
22 3291
2052 4309
1408 2687
1054 4106
4493 4874
1698 4853
2046 4814
1171 4457
3721 4665
1183 3268
2762 4095
615 2884
199 1518
1230 4611
2804 3294
956 3157
1217 1819
653 2835
866 4303
4267 4324
3190 4490
1615 3463
1183 1844
504 4060
2807 3379
1623 3269
330 4479
2531 3343
996 2669
271 272
3788 4184
554 4772
1720 4461
1681 2891
609 3237
62 442
887 2580
2473 2978
4503 4744
1318 2196
1980 2017
2669 4060
504 4416
1490 3280
1014 3871
701 900
534 4482
1412 4105
1659 1914
801 4989
33 2989
1104 2171
481 5224
4360 4462
584 3083
609 3624
4049 4455
5126 5189
1532 3090
1488 2260
37 1183
352 5066
996 3641
1962 2222
504 1648
599 1641
1286 2413
1795 2096
1795 2810
192 2116
1706 4664
1639 3064
2571 3860
1623 1979
802 1164
1576 4431
3753 4463
3143 4665
2591 3370
3175 4910
4138 5060
4134 4856
708 3569
487 2532
1231 3159
1498 3516
155 3765
1238 1596
420 2458
586 3499
2166 3809
1177 1913
2596 3705
3379 4309
4139 4339
2172 4053
1723 2176
4017 4050
151 2186
689 1938
584 4979
2473 4779
788 813
998 1287
3640 5064
262 3970
2182 2311
742 1291
2014 4939
1781 5178
909 5199
2996 4482
534 2096
2533 4936
254 393
1976 2177
1790 2883
1880 3223
4283 4758
1482 2541
1233 1322
909 2580
338 3885
2567 2876
4731 5135
2748 2839
3136 4032
3041 3956
1923 2712
1315 4708
504 2238
2793 2933
1054 3412
290 2415
2280 4416
1641 4553
2454 3874
450 2804
1482 3720
1013 1171
640 4630
3753 4097
1068 1692
2552 3466
2212 2593
713 1049
1732 5135
2526 4422
2208 4832
547 3891
663 4787
497 2055
1883 1914
163 5111
352 591
1728 3972
548 2739
819 3636
1405 4822
1672 2161
1950 2690
1514 3946
300 3320
1207 4979
759 4333
779 3627
1206 1799
194 3426
152 1105
3829 3868
1767 1809
1873 2988
235 5058
2891 4424
4744 5117
2209 3576
1446 4526
1237 4976
1939 3053
429 2886
3624 3871
722 4731
4593 5189
2512 5108
1780 4740
4482 4724
3055 4467
1774 2653
142 4732
2207 2643
3860 3868
1408 1617
62 126
2066 3136
572 4331
1789 3713
56 2023
490 3894
987 3131
1000 5108
1169 3269
1866 2861
537 1932
504 3641
1323 5223
959 5178
896 4328
37 4431
2419 3973
1352 4422
809 2680
5075 5079
1401 1919
4744 5199
349 1994
631 3871
773 1497
1676 3624
3627 4520
3796 5151
3542 3876
3746 3996
822 3649
1266 4877
146 1914
1328 3038
1384 4106
316 1108
47 1790
956 5199
3289 3900
915 1861
805 1412
1487 2248
1924 3992
2038 2560
290 1780
262 4553
4059 4957
174 827
544 3209
1639 2926
1104 2742
1108 3831
3922 4065
1377 3450
1303 4672
951 1054
2421 4798
3162 3878
530 4073
2512 3412
4946 5095
656 2799
2238 2398
1396 2746
388 447
3199 3632
746 5017
1243 3417
2036 4664
2705 3207
976 1395
3705 4361
897 2680
13 2440
698 3731
2512 4482
911 5199
3403 4573
1054 4632
3325 5097
2266 4841
2588 3279
1695 2215
4748 4965
2667 4398
1796 3214
394 3593
146 3801
2398 4058
2916 5096
2835 5117
1001 3781
802 3104
623 4328
492 4405
1265 2439
1466 4392
1000 1107
788 3598
647 4986
802 3105
504 911
2382 3720
3163 3841
659 4374
530 1462
1403 4758
200 2680
262 2398
1445 2531
1335 4951
528 4191
3627 4131
2245 4118
631 3237
818 4098
4158 4477
508 3393
2916 3250
89 2415
161 1012
2158 3056
885 998
3867 4424
888 1676
1193 2341
652 2715
1580 3212
694 1729
541 3968
4468 4769
2625 2734
2473 4540
623 2723
1365 3968
1857 3239
1355 3103
3054 4064
2884 4060
3970 5016
1535 2825
1938 4870
1054 2996
1770 2412
630 4131
1681 4695
4295 5158
334 4309
3841 4995
4485 4904
2804 4504
2238 2835
1756 4086
575 3357
1192 3104
3222 5178
534 2512
904 3216
612 1904
975 4443
4257 4540
1387 4051
1942 2950
1357 3270
2415 2497
253 824
154 3528
2287 3387
4344 4519
1982 4008
155 3061
4557 4759
528 4137
3250 4067
566 4387
776 1453
3652 4502
659 978
3977 4985
3688 3773
2158 2205
1623 4457
2869 2942
2996 4993
3759 3871
207 4054
3081 3328
2923 3493
3868 4502
288 3033
1192 4370
2398 4779
692 1422
2249 4223
910 2491
3572 4713
1141 1557
4732 5217
4734 5017
240 3045
609 3234
2461 3636
1822 5048
4100 4550
103 2881
4104 4738
261 4549
1364 4868
937 1786
1269 1512
731 1662
2502 5030
1727 4120
1349 3411
1617 2335
3591 4072
3411 4062
720 2242
2945 3828
280 2691
746 1042
743 3641
2144 2248
314 4755
972 973
1676 3871
1315 4758
4021 4027
2705 4549
3318 4915
572 4058
2335 4215
228 898
495 4320
1488 1585
1706 5178
2096 2387
1849 3125
1128 4477
2824 3903
448 3543
3780 5201
2285 2839
450 2235
3668 4141
952 3423
2485 3404
1716 3314
3102 3454
851 4723
848 1854
368 3017
2245 4069
2088 2238
1816 3721
521 3816
4138 4652
5 3797
629 3549
2296 3591
959 2036
1315 4147
4187 4189
839 2391
1732 3267
168 3632
945 2784
3216 3824
3708 4618
451 784
1154 1330
4058 4331
1196 2391
3458 3576
1641 2280
736 3267
1790 2062
2240 3012
3970 4744
554 2671
1639 4489
2669 3320
3450 3925
160 817
2398 4503
274 358
1329 3840
3314 5122
2764 4177
625 2310
3787 4327
1945 2388
4164 4883
1456 2139
141 3309
109 5224
2867 2902
2881 3430
1870 3535
242 5048
4065 4066
541 662
3627 4104
471 741
406 910
1648 4416
3624 4474
2564 5111
816 1787
2856 4295
3589 4599
1431 4392
424 564
4019 5126
4328 5115
588 5031
0 4171
443 4538
174 1274
892 1183
324 2693
300 2884
352 4639
1303 3064
1108 3752
3793 3797
1163 2663
118 788
1862 2828
708 4431
3773 3970
1260 4253
308 460
981 1966
545 4133
272 1306
2401 2531
22 1279
2338 4816
875 2237
584 3279
500 3616
164 4132
630 1861
3565 4867
2335 4657
3004 4283
1033 5094
1583 3162
722 1732
2166 4457
2677 5172
3755 4625
1739 2208
1216 2416
262 2088
1421 3254
1193 3865
7 597
1409 2308
2089 4332
1681 1854
2201 2464
1943 4930
148 1533
3274 3293
2949 3887
4103 4520
1000 1054
295 2205
4104 4131
1803 4116
3493 3507
684 4190
2029 4236
4016 4212
1236 3273
184 4775
1889 2086
598 2740
1818 1958
1033 2571
295 2768
2115 3744
2353 3472
4062 4779
1872 2336
1749 4187
1854 4177
975 2346
631 5135
3759 4695
351 392
3137 3851
386 1965
1103 1764
535 5220
252 4899
3903 4855
504 3627
2933 3790
300 3688
1422 4371
225 5099
917 4540
526 3851
948 2384
945 3157
1475 2950
3017 4639
316 3831
3321 4311
3566 5158
2667 4504
805 4531
2767 3074
925 1494
4106 4724
179 4183
3020 3314
3289 4628
1173 2163
1942 2486
277 1039
656 3327
1120 2088
2580 4416
2096 4632
316 3663
2669 4062
3117 3137
482 3359
2580 3320
2096 4447
1326 3473
3092 4421
1861 4849
726 2123
922 5074
969 3726
2862 4131
708 3696
2285 2889
3118 4142
1795 3083
1790 2491
2293 4956
2359 4104
517 3799
228 630
2203 4585
1274 4142
1732 1854
3695 5004
546 4405
3966 4198
1623 4431
1479 2933
4177 4731
1534 2683
1370 4412
4535 5162
1012 3242
1460 2948
888 5135
2075 2365
602 4249
521 2389
599 956
3234 3237
4474 4695
3696 4431
1596 2893
3344 4154
2399 4208
979 5056
1206 1927
37 2046
2639 3209
4408 5039
1122 3675
470 4686
2730 3040
2772 3779
1435 4613
1427 4859
38 2881
500 5023
1089 4948
621 3859
3379 4104
802 3464
146 2824
1228 3868
1054 2132
3697 4566
3407 4732
899 1579
4980 5107
1570 2470
1106 3709
1481 2127
2178 2685
3622 3871
1014 3267
602 3828
3043 3892
5205 5206
2223 2813
1003 1956
1287 5194
1979 2166
2341 4537
2075 3187
1956 4630
0 2990
2280 3688
2406 4160
3909 4048
670 4045
1676 1854
465 4389
564 927
2158 4503
1062 4628
3152 4282
656 659
2867 2901
3099 4655
2035 3543
520 5053
2079 2188
465 589
1844 4021
3777 4095
452 5164
309 4549
1780 2824
530 2473
815 1889
3627 4783
2548 2862
1550 3334
261 960
839 3645
3108 3939
1084 3216
2581 4776
387 1601
3843 5044
3863 3895
678 4732
599 4744
1019 2462
2654 3654
2242 3964
860 5156
1169 1623
2030 3096
1663 5147
1122 3032
549 3325
2861 3138
584 4195
450 4398
982 1221
1636 4128
206 5047
1912 3803
892 2968
1594 5104
2481 5094
3295 5211
3221 4731
1054 4195
2764 3582
648 3937
2653 4235
93 3963
875 2670
437 922
1446 3306
1399 4312
4021 4457
840 3660
246 1122
3351 3708
2281 3040
83 4538
935 4993
2835 3041
3323 3813
2937 4462
2481 4502
2060 4659
3136 3698
2891 4128
1054 1857
1227 3185
300 599
1055 3279
1384 3239
242 4261
527 1669
2108 4410
450 3294
953 3021
3267 4474
695 4318
934 5079
2398 2835
3990 4112
500 5004
1275 3888
952 5189
316 3761
2980 5064
1053 3214
3279 5209
466 555
956 2531
1207 3239
997 4694
4332 4633
3115 3265
937 4288
2274 2990
167 1210
1824 4827
465 1261
640 1259
300 615
1533 1900
1291 4517
740 2203
1230 3135
625 4618
2308 3676
3252 4163
4200 4687
788 1074
793 2688
779 2368
1866 3138
679 2861
2512 4020
2167 2248
1730 5171
2321 3657
4379 4850
2607 3489
3862 4480
623 788
4877 5020
2296 4227
982 4088
1000 3412
4178 4744
709 2335
3320 3970
1648 4553
1318 3753
1077 4650
722 3624
599 4779
838 2822
2721 3517
1054 1672
2699 3203
1091 1944
2664 3652
348 1279
1006 1742
2449 3598
56 2161
537 788
1126 4457
537 670
1857 2161
521 3797
1834 2349
3132 3470
2421 2485
521 2421
4384 5160
3688 4073
803 4260
1270 2728
1575 3309
2203 4882
1393 2614
1721 4243
2792 5178
4632 4993
174 2489
4540 5212
957 2481
1418 4029
4155 4403
3057 4887
996 4331
615 2280
2066 4460
4331 5199
1217 3666
678 4586
189 996
948 1021
2229 2996
2383 4779
1931 4596
825 2203
283 3197
602 2852
1121 2793
3235 5064
3064 5174
1904 3402
1323 3119
38 4796
492 1208
3517 4331
262 2669
4328 4370
1238 4581
1243 4705
1004 1640
723 4909
1228 4502
697 3356
1129 4658
48 4225
3729 4369
709 4657
513 3893
2456 4381
20 5194
365 2036
4142 4816
405 5092
2473 5142
3415 4164
3127 3407
1006 1602
2933 4301
978 4643
733 5106
3371 5036
4439 4549
1635 2871
4487 4495
4140 5184
1882 4477
1977 2865
311 2098
1979 4431
1641 5212
309 3878
689 1902
3412 4195
4121 4393
1101 4995
1602 3745
337 4867
1666 3204
1059 1145
2421 4925
321 4585
2158 4792
1000 2387
1183 4163
435 3912
2881 4454
227 3474
1672 4979
199 3158
1649 3955
62 4054
2057 2392
3158 4224
951 1795
996 2884
736 3759
4474 5135
902 2727
888 4177
4140 4592
250 1180
997 2712
1637 2445
0 640
584 1000
2233 2810
3411 3517
4777 5064
2212 5237
2089 3158
2368 4309
974 2387
326 1851
1127 5185
5108 5209
1397 1475
3894 4783
2781 5100
1238 3627
2369 3045
1861 3000
1150 1619
504 2088
1122 2580
4868 5194
4496 4740
4421 4707
2139 5089
530 911
1732 4128
996 4073
3580 3636
656 1072
2246 2561
1154 4445
1303 5158
3925 4628
120 1208
1287 4668
536 4427
2909 3143
323 1002
2118 3887
44 3064
2794 3275
1488 1956
1365 3481
2534 3925
3086 4109
2435 3945
301 422
2898 5142
2156 3328
2564 2698
2448 3696
3364 5103
4504 4960
848 3867
209 2052
284 3670
962 3217
3518 4611
2344 4372
139 306
3840 4743
1436 2309
1641 1648
2793 4257
746 2861
107 1923
2288 2573
1959 2438
1636 3759
1332 3266
720 1012
3279 3412
1184 1250
658 2486
3517 4058
1000 2388
195 3196
440 640
3829 3832
1706 4063
848 1681
1778 2156
504 615
996 4503
609 2764
589 1674
1641 4540
3641 4078
936 3797
599 3517
633 3041
3340 4164
272 588
911 2383
1462 4435
760 2409
1160 3470
2046 4539
3279 4482
1883 1977
2761 3015
1535 2367
3876 4041
4225 5064
1596 2807
2810 3405
2295 4165
223 710
480 2942
2548 2997
3828 4249
1402 4758
2096 5175
40 414
736 4128
5041 5184
3598 4215
736 4485
1659 2824
158 3477
537 4373
1237 4694
1732 2764
2579 2865
121 2202
2817 3289
951 2229
2916 3202
3770 4793
3779 5180
2835 3018
76 4990
1167 2538
243 1402
504 4078
981 4413
1933 4519
1171 1626
1163 4573
500 959
2359 4155
116 5033
1089 4812
2502 4854
3083 3405
2614 4585
73 2445
2003 4557
2275 4893
2682 3288
36 1066
975 3249
830 4054
2383 4416
214 4384
2205 4932
2170 2853
2353 2916
3043 3828
578 4024
4097 4852
90 3146
2773 4983
2070 3447
2664 4502
2531 3320
3239 4724
621 3783
193 5158
2481 4618
2797 3368
1478 3539
1107 2996
2640 3334
2968 3809
3005 4142
4017 4428
3043 4019
434 4618
3809 4431
1137 3594
1384 5209
4496 4659
1407 5194
370 1879
2851 3169
2260 4643
835 4968
3286 4372
364 4540
1371 3690
1644 3438
1716 3020
1648 2835
1597 3543
2810 5209
624 1682
1737 4907
343 2572
1938 4930
678 679
4054 4154
454 1223
3177 3554
679 4639
1126 1183
1184 4944
2038 2847
941 4683
2898 3780
143 215
3636 3833
812 4779
146 4061
264 4751
504 3780
1066 2972
126 442
2569 2942
316 2263
911 1641
2125 4883
3350 3432
2889 3048
3778 3869
2884 3641
148 4372
134 2691
3989 5114
684 3350
484 5141
1070 3698
833 3294
1496 5165
1326 3202
482 487
922 4870
1446 5041
2933 3690
694 948
3641 3780
2810 4724
1573 1640
2497 4224
2884 3411
1055 5175
1641 2531
300 4073
521 3084
1646 4239
241 984
625 2481
1556 3264
4136 5007
3970 4416
997 4976
2928 4603
274 5111
465 3495
152 775
752 3756
998 4668
37 1171
4083 4163
2335 5079
1641 3411
1578 3909
2489 2854
325 2225
2384 2588
4219 4380
1596 3379
997 1029
3041 3524
387 3460
606 4580
998 4868
1497 2447
1161 4680
1820 4053
3642 3668
1013 4021
2388 3412
900 4823
504 4331
712 4709
770 2648
922 2687
1273 4503
820 1199
1808 2359
991 4236
386 3690
599 4661
656 4844
599 3970
237 2011
3714 4812
390 4581
2835 4744
300 2238
2693 3369
596 1175
794 2886
956 3320
899 2026
2235 4398
4957 5092
3561 4516
25 2035
736 888
3023 3494
2205 2813
2839 3944
1443 1956
978 1217
3773 4060
2931 3888
3203 5202
2088 3411
1945 4482
3405 5108
2266 4662
1349 4416
1480 2351
1318 1730
1743 5118
1848 4100
1413 3588
1377 3906
1365 4779
5081 5198
13 439
1163 2813
2702 4339
4054 5214
1003 4630
2807 4104
2954 4777
1122 3401
1653 4650
2816 4652
1676 4128
2218 3596
