1555 4319
1726 3577
4050 4610
1854 5135
1803 4116
260 4737
1680 4731
4156 4850
1054 2387
1349 4060
2398 3817
1805 4026
3067 3849
1007 2109
3546 5023
1126 3809
163 959
1638 3192
2119 2925
1175 2932
212 1593
178 4647
2804 3294
1854 2891
2249 4810
1533 3511
2179 2963
117 1054
3267 4474
2531 5189
1211 1366
3314 4634
1042 2993
2473 2978
2366 2878
254 1877
202 2817
2862 4520
1852 2213
1151 4171
2810 3279
2166 2968
1818 4269
4164 5171
3187 3560
937 1387
772 940
435 3912
218 861
609 3237
790 3949
2288 2573
772 1695
573 788
1219 3152
551 1296
219 4870
245 4595
1814 5048
849 4182
524 1761
1328 3520
167 3201
1639 3980
182 2088
1731 2257
3756 4857
3234 4904
4877 4884
3696 4595
3779 4309
1599 5160
2801 5134
4031 5189
1241 3289
2570 5178
4412 5018
860 1639
736 1854
3817 4060
2148 4114
348 4601
424 3395
1163 2663
1693 3179
2666 3726
609 1676
2813 5044
763 4288
2563 5165
662 996
504 710
1854 3267
209 3627
935 4724
1612 3828
327 2819
2575 3038
1000 4993
2588 3279
627 1136
467 4598
1349 3319
3511 5236
3108 3939
521 2389
9 1660
632 4967
1163 5044
4128 4485
572 4331
2238 4416
4140 5042
445 4041
116 5033
3624 4731
1854 4485
0 4069
3103 4901
3812 5165
301 2380
2245 5131
2285 2839
1508 3966
1705 4991
4656 4734
956 2088
2335 4215
629 3330
2335 2618
1228 3868
4322 4446
1055 4979
404 4476
3865 4453
1737 3760
3582 4128
1732 3237
1805 2461
1626 3268
4427 4520
2822 2993
637 3301
625 4502
2314 4647
1349 5149
3428 4625
3773 4779
2548 2997
935 4447
504 1402
2473 5016
1365 1956
1287 3777
681 2374
838 2822
615 3688
2996 4979
3266 3897
1672 2388
401 3192
3517 5199
1148 4083
1923 4694
51 3113
4128 4904
2271 3864
2696 3361
1323 1684
1974 4647
1583 4549
222 798
4724 5175
980 3075
3747 3900
119 3045
2481 4618
376 3038
802 3462
325 1456
713 1268
4083 4163
513 2336
694 2465
3008 3718
1860 4732
3237 4128
3081 3164
1216 4609
504 4538
1533 4372
754 3948
1680 1732
3517 3773
3092 5229
3765 4669
743 1012
1340 4831
2916 3250
4502 5094
504 1122
3759 4128
845 3046
1945 2233
788 5196
37 1169
434 2571
3212 4903
615 4062
3092 3439
2360 4318
1488 1585
1963 3970
1152 2978
1217 3224
848 4485
1596 3154
667 1180
1270 4224
1157 2317
2036 4664
2481 3829
4306 4435
288 761
1832 2725
2015 2317
2961 4285
973 5046
2715 3137
4303 5005
295 2675
2866 4503
2088 2721
2835 3773
1349 4331
530 5199
3466 3519
3257 4589
3255 4939
2487 2489
3482 5158
439 3126
797 3782
74 1451
1645 4767
843 1016
4255 4887
3913 4379
2125 2813
1832 2822
3920 4313
1659 4855
1066 4675
4128 4474
3349 4656
1133 3827
599 4416
2568 5167
3097 3766
3143 4665
1938 4870
1861 2548
465 5231
2409 2813
722 736
573 4090
4113 4932
2669 3641
2560 4482
2371 3045
606 1444
1751 1914
3320 3411
742 1390
2416 4909
1722 2526
1709 5198
2746 3960
534 1795
3624 4904
3641 3773
1408 1617
3592 4898
1837 3035
2378 4054
1034 3429
573 813
694 2591
2383 4744
1054 1384
541 3481
564 927
1528 5152
163 5111
1676 4474
263 2421
4592 5184
293 1919
3624 4128
615 3970
465 528
599 2424
718 2245
1712 3250
4239 4372
1925 2556
2036 5178
1500 4185
3970 4779
968 1580
4285 4628
2835 3320
376 2575
2979 3623
3534 3979
885 2762
1795 2233
1148 1623
5000 5171
500 5004
1013 4457
132 4026
2462 4415
2861 2993
951 3239
3770 5009
1105 4171
482 2471
3198 4703
2812 4406
888 3867
2235 3294
416 528
614 3882
631 5135
957 4618
1750 3981
2118 2912
4247 4947
4279 4368
1760 3158
44 3064
2650 4032
2388 2512
2809 4919
3543 4194
277 1507
2087 3349
1494 2100
1324 2353
3622 4128
434 625
1988 3953
2112 2277
2806 3343
1866 2861
500 5023
659 816
978 4513
896 4374
528 2649
1341 2871
2021 5183
4402 4792
4058 5016
3330 4918
295 5000
3178 3271
4187 4258
504 1349
1138 1871
2531 3970
1430 1851
2203 4882
3686 3877
665 2659
2580 4331
1796 3214
3403 5044
2238 5199
1844 4457
2109 4340
3162 4549
176 4294
2658 3126
195 3196
3620 4255
504 2398
2158 3055
2512 4724
2801 4970
274 2251
1227 3572
722 3234
3126 4880
328 1706
2839 3511
1509 2893
945 3157
3822 4032
3113 3581
3641 4915
3549 3636
4138 4652
1518 1650
1317 3463
1492 1777
1713 5141
667 818
1173 2163
2607 3489
3449 4920
1350 3103
293 2879
295 2407
2996 4482
1641 2793
2891 3759
4074 4732
2833 5092
342 1230
4460 5173
732 4379
300 1152
1442 4906
2383 5199
2580 3004
3293 3397
520 4208
2088 2383
2143 3331
1945 3412
3296 3809
806 5093
3234 3267
3048 4989
909 5199
3876 4041
4433 4673
1583 2892
2985 3770
2473 3063
2162 4148
2298 3783
657 3235
358 3787
4529 4703
998 1407
3759 4695
652 781
2377 4054
1191 3882
2686 4097
1676 2891
15 17
4820 4989
504 3688
4097 4932
1497 2263
38 40
1551 4032
3237 4904
599 3320
144 1334
760 1163
830 4054
212 3779
621 4120
3642 3668
935 2023
3279 4993
3906 3925
539 3402
1641 2835
4877 5020
123 3070
2383 3773
2996 5209
230 1024
708 3569
2343 2735
969 1211
4345 4405
1180 4366
1326 2285
1318 2196
155 2839
310 472
1795 4632
1243 1449
2174 4285
295 4463
2891 4731
3269 4083
951 4993
644 4807
1271 2381
2198 4267
1632 4967
599 3517
1282 4253
2023 2233
807 2702
504 2835
1941 2789
4474 4695
2125 4805
3915 4237
945 4964
3688 5199
3582 3873
155 2748
1681 4695
3074 4403
279 637
1207 4020
3530 4894
101 2919
56 4195
2817 4751
2205 2366
482 487
2505 3395
504 3780
206 5047
2066 4155
2144 4821
2771 4615
499 793
3043 4249
602 2753
1676 3871
3784 4427
3729 4369
2366 4463
4540 4795
2708 3694
2266 4628
2856 3328
2038 2847
2205 4097
2835 3692
1054 2810
1488 1849
535 4076
196 1312
3321 4311
2144 5085
2801 4115
2555 4581
4821 5042
1681 3873
3191 3830
1224 1849
2144 5184
3970 4060
913 3801
892 4163
1114 4360
2978 3773
1633 4090
142 193
4732 5216
4526 5184
484 5141
4428 4657
1680 3759
22 1669
1617 2687
1474 2341
631 3582
1780 2753
2060 3892
4245 5062
722 3582
2018 4469
351 392
805 4876
1554 4514
3892 4496
400 2480
17 4601
2958 3362
3982 4625
2491 2723
1639 3064
2932 4074
3113 3925
2619 2794
913 1659
367 1435
2580 2721
713 1271
760 5044
848 3873
1795 2023
1479 3743
1672 2810
148 2861
301 4069
1986 3314
1036 2650
3167 4239
4020 4482
2727 4623
534 2233
1010 1323
1480 5075
2757 4809
974 3432
1096 3073
2580 3517
4462 5212
4363 4531
2398 3641
1010 3119
827 2489
743 3641
922 2089
1055 2096
56 3412
51 1303
1497 3734
1977 2579
1938 2359
952 3627
1269 1512
814 852
3234 3759
1988 3483
2228 3601
262 4073
625 5094
1206 3152
3327 4065
2548 4503
1488 2260
1159 4989
3534 4470
1820 4053
50 1550
3303 4103
860 3686
1976 3860
3517 3970
472 5006
247 3017
144 1949
1786 4909
802 5154
541 662
1979 3809
3205 4462
3085 4460
2397 3399
351 3562
3083 3279
2766 4074
1014 3871
613 4628
371 3639
2156 3328
3234 3582
539 612
829 3925
699 884
1672 5175
951 1795
4602 4603
3250 4067
1013 1171
4315 5064
527 1307
4018 4873
1648 3970
3320 3641
1955 3152
4868 5194
743 4150
1034 2642
3668 4761
1112 4874
2824 4568
2453 3738
1907 5077
1121 2933
470 3203
269 2379
4666 4724
1162 4603
3190 4823
832 3401
4666 5175
3084 3797
509 692
2401 2531
2438 5039
1159 3048
1737 4642
4338 4493
749 3456
879 4468
187 1233
785 5158
1000 1055
2169 2750
768 968
822 3649
1490 2973
806 4727
895 5189
234 2596
740 3463
1025 2571
736 3867
1276 2854
1270 2728
1343 5026
906 4396
434 3351
2003 3751
1992 3677
2057 2392
1760 3833
7 414
3622 4485
747 1388
640 1462
779 2807
2488 4237
3873 4695
652 1871
2161 3412
1861 4520
2012 4891
160 4944
1800 4050
1672 1945
2436 3391
2461 3636
2357 3904
337 3565
4979 5175
352 1857
793 1106
1736 3821
3659 4696
4993 5108
1291 4517
337 3726
941 4636
1861 3894
1596 4538
2805 3057
1183 4021
2978 4744
860 3815
2675 4852
1912 3803
3651 4495
3677 4428
957 3860
787 4766
1795 2512
2161 4106
590 1919
1543 2766
3110 4223
1438 3330
501 4210
1659 4568
659 4374
2473 4744
1407 2237
2512 5175
1000 1207
2477 2959
2830 3527
293 4808
919 2491
363 4538
1680 3867
1825 2268
1486 4992
2264 2487
1146 4660
2136 4568
2277 2282
1334 1653
2167 5184
2161 4993
534 2512
9 4656
1196 4475
2491 5093
1152 4331
2662 4990
2641 4142
675 3176
1795 5209
262 4060
500 3616
3313 4872
1814 4559
964 1782
3881 3917
1089 3158
1403 1956
3703 4406
2835 4795
888 3871
845 4818
1709 5081
1840 5240
1535 3804
1583 4053
1498 4713
860 5156
860 1236
892 1171
259 1622
2139 2446
4277 5015
640 4435
1748 4529
227 3134
2177 2310
2576 3944
70 4706
1350 4422
36 4090
2982 4479
3652 4502
2813 3415
1929 4237
1144 1388
1205 1217
2387 5209
2486 3889
1066 3639
2088 2280
1854 3867
4805 5171
195 4395
710 1956
2035 3543
2398 3688
760 3415
3698 4374
4568 4855
1819 2690
584 2229
1873 2606
2247 4732
1121 4795
56 951
92 2642
2978 3411
1376 4268
1064 2751
2855 4990
1070 4783
1939 4187
3871 5135
84 3344
2452 4225
1850 2473
2353 4972
3821 4032
167 1330
482 3017
386 3641
2705 3569
4296 4672
824 3662
2592 3195
144 2748
472 2960
2383 4503
1639 2786
1329 4417
756 4444
3486 4420
2177 3351
1625 3221
1371 2933
923 1980
2793 4538
772 2243
2103 3892
13 3126
4331 4416
695 4252
2387 4447
2280 3970
2806 3128
1122 3032
2996 4106
951 2996
913 1977
2810 4482
2158 3849
3517 5118
1228 2481
763 3636
4463 5171
1455 3003
2972 4430
736 4485
1402 1956
996 1917
781 4789
875 885
1207 1795
2997 4774
2258 4446
2179 2341
2409 3403
575 3357
929 2151
93 2564
470 4171
1681 4485
3423 3779
3411 4060
140 3339
809 3571
514 1275
537 2141
555 3517
2366 3753
4060 4416
316 3747
2762 5194
4056 5105
3018 4178
4408 5039
2614 4585
2415 3892
3364 5158
169 1726
1832 2186
444 3358
1033 3832
2023 4724
996 3773
2460 4532
2177 4458
3497 5064
4632 4993
1001 1330
300 2398
1626 3809
2229 4979
193 902
2835 5117
1001 3781
3701 4665
1313 2558
1384 2810
696 784
736 4177
3622 4177
4328 4374
910 942
845 2131
2238 4073
2846 4954
1441 1488
1866 2993
3483 3499
4131 4503
205 2553
3106 4285
2473 4062
793 2690
2088 4073
722 3873
613 5226
1040 1790
663 1111
1782 2386
2891 4904
3823 4751
2753 3828
1514 2562
3418 4840
519 3868
704 1919
1104 4608
3622 3873
3879 4836
2387 4632
4350 4846
746 2012
1170 2146
3250 4660
1476 2292
1979 3252
2473 2721
3018 3399
937 4288
1648 2280
2942 3470
2626 4259
1479 2833
935 5175
3688 4503
1006 4305
63 1074
2876 3335
2449 2971
1084 4499
1055 3412
2432 3334
1384 2096
509 3126
956 2280
360 5224
3306 4140
2173 3175
2264 4379
2876 3399
1636 1680
836 1125
542 4725
802 2868
568 1754
1260 3654
1341 2092
2653 3298
1152 2383
2048 2956
3496 3525
2933 4915
1963 2884
4139 4768
4447 4666
1216 2416
985 4529
2793 3714
1641 3641
1108 3752
3895 4379
2358 3081
262 2580
2277 4944
3209 5138
1818 3057
2627 3183
759 4333
615 4416
1152 2238
4656 4756
2891 4563
4447 5175
3832 4502
777 1404
1287 1364
2060 3828
1327 1516
2613 3380
2822 4656
4076 5220
2163 4775
568 3279
2266 3925
262 2835
2856 3441
1104 4406
4360 4636
0 1807
2351 4055
698 3524
1469 3122
1682 1723
1193 3934
898 4520
4585 5186
972 973
741 2760
3340 4573
2417 3840
521 2421
1529 3086
599 4503
2445 3790
2762 3777
504 2280
625 3868
300 4416
2428 2676
503 3335
2936 3132
2341 2486
515 1892
4140 5184
146 4061
1845 2244
3179 4629
1559 2555
1478 1757
203 4171
1963 2238
906 2333
3690 4301
3175 4910
1641 4553
3055 4467
4447 5209
944 4999
1488 3016
1983 2359
1284 2697
32 3852
956 4073
1596 3379
38 4922
708 2498
2869 2942
2229 3083
3691 4036
3266 4370
2445 2650
2961 3106
646 3589
2793 4257
2198 4324
1243 4783
1846 3898
2089 3158
1291 4551
758 4354
1206 2203
603 916
3207 4549
2664 3351
4020 4724
262 3399
3878 4439
4014 4370
2669 3517
2612 2826
3868 4618
1306 1514
1964 4780
1054 5209
1210 4556
3309 5063
1760 1825
1672 1795
961 4515
3300 3997
1604 4512
3779 5189
2401 4520
759 3337
1834 2349
241 3301
922 1931
802 1511
2676 4019
111 2806
3688 4744
3214 3251
1434 5091
2196 5171
746 2861
73 4155
973 979
2764 4695
4419 4484
1025 2481
2531 3641
736 848
2087 4656
1344 3081
997 1029
4097 5000
1864 2579
879 3395
1514 3587
1238 4427
2545 3765
3140 5064
2706 4188
967 4555
589 1494
1419 1650
154 3528
272 1657
20 2785
1561 3927
1085 1638
325 2618
1667 4350
23 1792
1280 3308
530 3517
14 681
3845 4385
3405 3412
788 3435
464 3466
3320 4744
896 1748
700 3250
1945 3239
2753 2852
1487 5042
1377 3113
3840 4743
602 2852
1570 2353
935 4482
3173 3852
546 4074
2429 4590
4103 4738
3046 3855
2840 2841
746 4734
456 4989
214 3487
1489 1492
2096 4979
3397 4478
913 4855
3269 4163
2223 3403
1113 3325
909 4078
2524 4255
609 1681
790 3982
1347 2364
3164 3294
2252 3209
526 3898
237 2011
1835 2206
519 4458
2540 3593
465 2619
1000 2023
1928 3715
3162 3569
601 2611
407 763
1924 3992
2563 3812
1758 3057
4772 5118
3688 5016
15 2916
170 407
31 3402
743 2473
1739 2208
1349 2398
269 4752
1330 2344
537 3765
3311 3661
3860 4458
2359 3379
2531 4779
387 1601
3344 4154
631 4128
197 2020
1033 1976
1033 3351
2715 3273
539 3191
1487 3306
2020 4826
1156 3209
521 3057
1902 4870
1986 4582
1163 3415
2256 2341
1006 1981
2205 4852
2290 3074
1798 3954
1574 1853
755 2328
888 5135
1368 3815
582 4183
554 1743
3119 3798
1994 4376
470 4686
2139 3620
1264 5144
1800 4610
788 4679
300 1641
1006 1072
1384 2161
4558 4819
1680 2891
3186 3557
584 1054
1377 3925
1012 2242
3849 4427
1098 5004
896 4703
2926 4489
3279 4632
56 935
839 1291
1020 1334
4074 4560
341 2691
584 2161
2972 3592
2640 3334
1168 2426
3641 4744
533 5051
1963 2398
926 1674
1593 5180
1583 2391
3056 3377
1287 2670
2766 2808
3569 3878
706 1570
2799 2916
2177 3868
1231 5217
763 1892
1303 1973
3866 5056
2358 3163
1672 2229
387 948
3221 4948
322 3754
1014 4424
2161 3405
2532 4745
996 2978
1014 1681
860 2709
4732 5217
2878 5000
956 1648
2205 5000
2676 5126
252 4899
1068 2520
585 593
151 1500
743 4351
3328 4542
529 1848
1196 1583
879 5029
2783 4181
1376 3293
100 3476
1716 3020
779 2052
2317 2482
3892 4740
146 3801
1580 3828
2019 2829
544 5061
900 2214
1614 3726
1963 4779
2383 2835
1752 4708
1142 3076
301 859
4375 4504
424 564
386 1956
2767 4403
3206 5062
1636 1854
951 3279
1207 2387
1607 3918
1956 4744
2238 3688
1681 4563
1786 2132
2497 3605
3463 4142
850 4407
891 3882
1330 4037
621 3859
2161 4632
678 3327
1132 1666
504 1365
691 4339
653 2473
2136 4061
1967 2597
4061 4568
1641 2933
2287 2759
1192 2724
4453 4557
1023 1068
3149 3887
4141 5139
2715 4479
2481 4458
364 504
3141 4384
2806 4520
48 588
2388 4106
892 1623
1789 2531
1104 4407
1954 2894
1664 2632
1100 1303
936 5230
4518 5207
4503 4792
1786 1988
3708 4618
4226 4334
1646 4699
1131 4069
3553 4056
3721 4665
530 4553
301 3976
3828 4682
261 3279
1796 4665
911 2383
2922 3859
2762 4668
1942 2179
615 1641
1013 3252
2580 3968
4932 5171
815 3168
37 4083
3231 4871
3708 4458
2822 4734
3252 4431
92 4142
1488 5030
911 4503
1844 2968
142 366
2088 3518
1391 4129
701 1001
1926 2158
3726 4580
2060 4249
1549 2457
1914 3903
121 2202
3222 3770
2105 4701
328 4944
167 1210
1364 2785
1857 2233
2702 4139
1477 3620
1266 5039
39 540
1069 4656
3517 4744
3927 4771
913 4061
1250 4944
349 1994
2229 3412
1326 2916
2978 4062
3239 5209
510 2119
3127 3407
1107 3279
1388 3347
1417 4808
2069 2207
2892 3073
1107 4106
4073 4416
698 2692
2898 4540
3234 4695
3023 4516
534 2229
2589 4519
708 1203
2238 2884
2835 3937
639 4716
2388 4482
1596 3627
673 4142
727 3070
2088 3411
598 1009
2511 2665
1846 3298
2510 2849
1162 2928
1519 2557
1983 5189
1974 3305
935 2512
4222 4717
753 2750
1006 1210
3285 4541
956 5212
453 3135
2779 4732
5041 5042
1963 3517
1665 2211
2161 3239
1945 4632
1054 1672
250 2536
760 3843
2835 4416
1732 2891
1931 5079
537 4045
1853 2497
3320 4331
2175 4689
3296 4163
1055 5175
944 3802
1010 3798
530 4060
1422 4772
1475 4065
708 4021
1285 4433
1122 3926
3925 4628
2339 3417
151 700
340 517
3320 4915
3001 3262
3234 3867
2555 3153
1398 4556
1980 2940
242 2097
618 4328
911 996
3705 3810
1270 3214
1720 4461
1583 3073
155 3603
4447 4482
2203 3147
802 1326
390 3779
4559 5048
4155 4455
534 1055
1747 2690
2969 4121
448 1597
678 2109
742 4551
483 1490
520 4612
537 4224
1106 5037
2310 3868
1780 4019
2580 4058
1274 4142
3019 4139
2003 4557
4264 4965
3333 5003
3301 4802
2078 4069
2017 4757
4155 4403
3097 5158
588 1838
2822 5007
911 2398
3043 4740
2576 3466
2203 4101
84 5214
1388 3877
694 1594
25 3543
1657 2637
3903 4855
625 2177
2088 4331
2750 3681
2776 5159
1131 2245
1780 3892
629 4628
4503 5016
220 4647
410 2948
1580 1612
2548 3154
292 4524
2389 4469
2472 4631
434 4502
2205 2686
107 4976
138 3720
4054 4154
1891 5221
1346 1774
599 911
3267 5135
2178 2245
3214 4155
1387 4051
3250 3328
3871 3873
4074 4228
1690 2270
3580 3636
3272 4850
1384 2229
2749 3238
2125 3403
3862 4480
1054 4632
1110 2335
4096 4995
3779 4103
2003 4478
208 3100
1983 3423
1525 3295
3594 4931
2705 3162
2248 4140
2916 3472
2778 3342
1183 4431
2855 4583
1054 2388
1725 2819
602 5126
1538 4337
1411 4422
2409 4573
2110 2943
1555 4792
3777 5194
37 2166
722 4474
4060 4553
1985 2140
434 4618
1710 3764
3104 3511
1053 4665
1436 2309
2869 2936
3401 4623
1152 2835
3363 4197
1277 4732
4338 4874
1364 4095
1228 5094
2671 3126
609 888
3250 3294
2158 5171
3305 4108
4068 5128
457 2553
2096 4632
2003 4453
913 2136
3 521
1054 4407
56 2023
1979 3268
2881 3423
666 3136
1646 4239
1979 4163
1900 5125
1207 3239
1326 2555
1754 3279
860 4204
2690 3254
617 2634
1201 4282
2079 2188
2056 2202
694 3578
1250 1706
3401 5004
859 4554
598 2866
17 348
534 1107
888 4485
92 118
107 997
2705 4439
2158 4503
2667 3294
802 2691
2669 2884
3082 4448
2580 4744
2144 4592
4307 5064
3564 4948
302 640
276 4303
3398 4893
1795 5175
106 5178
816 4665
1066 2972
4249 5126
3332 3527
1275 1913
974 4666
659 4844
584 4482
1857 3405
1014 1680
506 1609
1685 3005
205 2289
1701 2159
1064 4609
1676 1681
788 1701
690 2460
1007 1812
1429 3311
3843 4883
1384 2996
656 4639
625 1033
1640 2180
296 322
3105 3944
451 649
1484 1650
145 3644
1012 2744
2088 4744
1440 1609
4821 5041
189 5199
3002 3069
2997 4802
2194 3222
1215 3250
300 2884
3698 4328
1651 3559
52 374
1786 4038
1963 4060
2807 4738
260 450
1648 2088
290 3892
955 1650
530 2088
900 1922
4073 5016
1593 3779
701 2966
3405 4447
2728 4192
2546 4074
3802 3810
438 4756
1343 2572
1580 3212
2229 2233
1127 2903
3587 3600
1976 3832
1930 3148
1059 1145
1141 1521
1376 4299
1153 4647
2233 3412
3267 3873
717 4154
650 3587
439 2440
1778 4542
2768 3753
788 813
2174 3106
2233 4106
3160 4008
361 2607
1927 3794
142 3097
1190 3795
2620 3081
53 965
710 2424
951 2096
4636 4664
4520 5189
1640 2319
1033 3860
678 4464
9 1869
2968 4457
599 2835
3279 4482
545 604
3000 4520
1570 2470
848 4424
4073 4779
2533 4936
1844 4431
678 1094
2571 3860
3432 3991
2341 2963
3234 4424
1126 1148
1544 3877
310 5006
910 3431
435 4756
443 1641
2416 2751
40 4922
2580 3773
3647 3689
40 414
3043 3828
1566 2264
4169 4193
1469 3841
2686 4852
4142 4722
271 272
997 1923
699 1625
935 3239
573 1685
1152 2884
2567 3018
1243 3894
3641 4416
30 1580
956 4060
269 277
2158 3056
2335 5079
1897 4897
509 4371
599 4060
960 2970
2805 4370
4130 5161
387 3460
1228 2177
231 3517
2721 3688
1338 4919
2852 4740
1033 4502
2766 3081
135 4604
2424 3004
79 3780
3867 4474
1809 4571
441 4898
446 4827
1658 5204
577 4096
1579 2026
541 5199
368 3017
1228 4618
1079 2706
781 941
2281 2555
1404 2998
2229 3279
770 2523
1031 5033
4128 4424
2165 4365
1279 5031
1659 4061
1934 4138
1322 1586
2473 4073
3367 5092
3627 4520
2810 4979
2512 2996
1223 3750
3784 5092
2685 4069
4017 4050
1349 3970
424 543
3805 4009
147 544
472 3665
3216 4499
1001 4037
2074 4585
1854 3873
662 1917
309 3207
719 2027
1570 4849
1437 4466
537 1251
0 440
269 3966
3689 4332
3579 3930
745 4998
731 3951
1089 1625
802 3327
600 4673
765 2192
142 3678
2236 3836
2835 5199
2310 4618
443 3377
910 2633
4002 4428
2677 4007
4121 4826
1148 1171
1532 3090
1006 1742
2391 4475
2916 5096
1259 2992
286 3116
3160 3805
760 2223
290 2103
1112 2858
3114 3225
54 4515
1493 2576
2638 3440
656 3570
802 3944
2383 4553
1320 2935
2788 4184
2118 3417
2269 5096
4284 4677
1081 4976
680 3265
617 3399
3706 4528
465 3495
1339 3048
126 3344
2767 3074
2088 4392
3834 4665
146 1659
3564 4812
1462 3377
2734 3035
2852 3043
978 3656
4484 5092
1021 3919
2238 3517
3083 5175
1535 2017
1664 3463
1124 1473
3788 4184
2281 3040
579 1960
3424 4704
2212 3014
1984 4385
3708 5094
637 3630
1050 1627
159 2936
1131 2685
602 2060
1358 3840
2647 2717
736 1636
2767 4847
693 4986
1945 4020
1177 1913
3759 4904
2580 2884
3822 4820
602 4019
2296 5138
989 3810
4639 4847
4169 5120
1748 3626
4213 4214
36 3592
40 4796
1318 4113
3753 5000
3023 3494
3491 4505
1230 5224
722 3867
1326 3473
151 4185
36 4675
1480 4055
1020 4397
1013 2166
3797 4469
2042 2767
1228 2310
89 5126
691 4768
1054 2161
316 1108
4276 4878
667 819
3237 4424
1010 3547
978 1799
1681 5135
793 3478
1072 1213
3080 3298
2571 2664
839 4517
2531 3550
1122 2580
3214 3621
1641 3517
1690 2937
615 996
978 3743
2881 3399
118 2937
382 3639
3641 4553
2238 2531
1412 4105
274 5031
453 2935
953 2638
484 1701
4811 5229
2835 3411
262 2280
519 4618
1336 4861
599 1963
2458 3115
1265 2439
3291 4446
1740 1827
1641 4058
984 3301
238 1314
856 900
3222 5178
2555 2918
1334 1971
4195 4632
1445 3798
2783 3602
2567 2576
3521 4154
924 3785
4656 4915
2096 2996
7 2149
2504 5198
269 2647
3970 5016
2125 4164
3873 4474
193 3052
3745 4305
2764 3237
951 1672
1510 2569
2764 4177
3706 4306
4102 4588
342 802
1732 1854
2629 4480
1300 1512
534 2996
1270 3636
3056 5062
504 996
2691 2927
2780 3931
1150 1619
2428 4740
1963 3411
426 3883
2633 3982
956 2531
244 1142
277 3987
3668 5031
1384 3083
2468 3230
1207 2810
1564 3384
97 3368
2833 3554
3117 3137
2166 3296
63 1701
1081 4694
3748 4501
996 2531
4164 4573
1795 4106
300 504
922 2232
212 4099
1854 4424
1025 3351
1006 4072
632 1632
2205 2768
2670 4668
678 1940
1512 3472
1732 4177
2664 3652
549 5097
1108 2421
2997 5189
88 790
3081 3636
1141 2563
3446 5181
860 3087
4779 5016
1054 1387
9 3349
2529 3366
1763 4855
3237 4563
1181 1946
672 3636
1462 1926
1118 1640
1672 3083
2038 2666
788 3075
2567 4045
602 1780
879 4259
2670 4868
3867 4563
219 4754
2669 4744
309 1935
1614 4867
1431 3156
1773 3251
117 3236
2201 2464
287 2340
698 2997
1980 5035
470 1770
1808 4211
667 3769
2335 3330
1269 1300
241 4802
3936 5181
1844 4083
1676 2764
2227 4470
2238 2978
881 4657
3355 3375
3152 3846
1055 2229
1953 3070
3721 4531
469 734
2388 4447
342 1320
1167 2337
1857 2767
1387 3088
4596 5079
300 5016
1023 1692
1942 2341
3276 3569
1291 1390
75 3552
1763 2865
2813 4792
3873 4485
3970 4058
308 1638
996 4944
2833 4069
2554 5160
3057 4365
1921 3291
1453 2938
2383 2721
1054 1055
1926 4058
1788 1925
3528 4604
1367 3507
2326 3309
3565 3726
3097 3289
598 1411
588 1306
378 755
1820 5040
1001 2912
744 3566
1177 1630
271 3498
842 3844
504 3320
2753 3043
2473 2933
3959 3970
1384 3279
659 4335
1988 4038
4424 4731
15 1339
2764 2891
155 3061
4010 5106
36 3677
782 4094
809 1140
37 4021
2487 2505
558 4332
1669 2400
3517 4060
982 1221
3688 4062
3401 5134
1185 1662
1956 4078
364 1641
4482 4993
656 2443
1206 1927
3368 5000
1659 1751
3970 4416
3980 4239
2398 4553
734 4575
2415 5126
879 5036
734 922
1871 3260
152 4406
3251 3594
1318 2205
3275 4823
184 2311
1258 4017
678 4340
2585 3065
2328 4881
1933 3432
4257 4922
740 3382
1643 1816
2191 2715
2705 3207
4225 5064
875 1407
534 3405
631 1732
4426 4465
1107 2096
1478 1943
4259 4333
3805 4008
3039 4783
1963 3773
470 4387
3327 5152
1991 2528
1913 4922
1734 4291
1682 2724
446 1824
163 1306
1641 4331
3016 4117
869 4647
4136 4672
1429 3136
3567 4751
1207 4632
902 3081
93 586
3768 4549
93 3756
18 24
1291 1549
3591 3791
1334 4650
788 4142
1152 5016
4262 4314
1616 2797
3753 4852
1384 4666
3415 4164
1963 5199
1979 2166
2227 3534
2028 4165
1014 4485
437 922
4463 4852
1676 3759
198 4017
3524 3956
302 3346
1233 3012
3376 4857
1732 3267
464 4600
1329 1358
2680 3352
2161 5209
948 1386
2398 2531
3370 4602
3283 4155
2729 5224
1596 2445
615 4779
3790 4538
1650 1832
2504 5081
2171 4406
656 1072
1565 1889
1124 4588
1089 4948
884 4948
2019 2792
2023 4632
2997 4840
2805 4328
779 2368
922 2687
2205 2813
1079 4589
2898 3780
956 4503
3314 3609
910 4942
1848 4100
3865 4557
1732 3873
3773 4744
637 984
1012 3770
1101 3841
300 4779
2027 2425
1993 3314
691 4626
1839 4407
2901 3474
805 3143
629 4900
1552 2958
280 2691
2238 2398
1121 3692
2764 3582
1254 3725
1558 1598
876 3182
107 2712
2783 3765
164 590
1349 4073
3641 4078
1006 2266
300 4744
736 888
1013 1148
3246 3263
1318 4932
1349 3153
343 2572
2238 5016
4035 4539
1207 3412
1636 4731
3582 4424
599 3758
3800 4332
262 5016
2398 4779
2721 4744
379 2440
387 3461
4812 4948
537 3158
788 1380
402 4957
802 1339
898 4131
2280 3641
1510 3034
3829 3832
155 759
3320 3688
888 3873
51 990
80 1419
191 3677
2764 4904
461 5106
853 3694
271 3516
2322 4742
3494 4516
563 3289
1264 2642
64 2335
3181 4253
615 2835
37 1626
760 3340
2807 4309
122 1179
3411 3688
2284 2916
37 73
998 2762
956 2238
3634 5231
3190 4490
2028 2083
3083 4979
392 3167
0 5202
3627 3894
630 4520
2642 5223
1751 1864
4724 4993
108 3722
2229 4993
937 3839
1634 4902
226 4587
3037 3426
1033 4458
3057 4269
1533 1900
2531 2580
2884 3517
4482 5209
4295 4672
3624 4424
1654 4578
3538 4686
1479 5131
1192 4370
36 2972
856 1106
2618 3330
3064 4672
1497 4547
277 2285
612 3191
110 2793
1775 4250
3457 4375
84 4154
2916 5239
562 1842
3688 4073
1508 3513
327 466
2229 4724
926 2708
1524 2477
749 1887
1384 4020
5175 5209
2388 3279
532 2835
2290 4665
1641 2280
624 2724
387 4940
402 455
640 4630
692 1422
121 1409
2919 4903
4446 4487
373 444
3636 4187
1942 2963
71 4521
2023 4482
3572 3739
1138 4741
3405 4666
827 4171
2285 2567
2613 4482
1243 4705
1732 4695
163 5102
4639 4862
1349 2473
631 4904
788 3951
1178 3427
2280 4416
1579 2102
3003 4812
2416 4843
2238 3411
996 2884
2338 4816
1608 2245
848 1676
1612 1786
3343 5116
0 422
3018 3790
631 3759
1160 2869
1000 2387
998 2785
3320 3773
956 2398
3184 3856
537 3148
4406 4741
1751 1763
3063 4744
975 3249
932 2769
722 848
2384 3279
3111 3401
550 1334
14 4957
701 2619
4446 4919
3057 4887
2317 5234
1963 2721
769 3581
1228 1976
2886 4138
99 3502
1126 3268
2835 3335
1054 2996
225 5099
909 3641
2158 4427
2114 4739
1750 5012
481 1320
2796 3057
167 2912
1001 1646
1037 3590
2119 3050
4695 4904
2866 4422
1782 2739
4171 5202
2531 4058
1680 3237
1596 2359
968 2029
352 3097
1025 4502
621 3783
3657 4966
242 4240
1207 4195
274 358
4078 5199
4581 5092
847 3752
2978 5016
2198 3436
1019 2466
262 1349
3655 3836
242 1822
3101 4969
434 5094
2933 5142
657 4777
1648 4553
1127 5153
2884 2978
537 1832
1818 2796
760 3403
3708 3868
372 1748
4062 4503
494 1594
2344 4372
4069 4777
860 4686
3522 4133
1757 4930
1077 1334
1736 4055
740 983
1014 3582
699 1572
1054 3412
557 3910
1026 2805
1612 4589
2728 5157
937 1054
1171 4457
3234 3871
3330 5079
3024 4378
1163 4164
1848 3273
870 4473
3382 4229
528 4955
1644 2389
878 2203
2695 2709
509 554
3349 5064
4792 5199
4231 4364
325 2188
142 4732
1706 4405
3609 4965
1757 4767
788 2084
935 5108
2451 5141
4296 5158
4249 4659
523 2080
1025 3832
805 2109
630 1861
2852 4249
765 4673
2869 3470
2383 5016
1192 5052
3184 4110
4656 4998
4499 4889
264 4957
2727 3111
2676 2852
875 1287
1323 2353
888 2764
2109 3017
2070 3585
1657 3516
1676 4731
1596 3423
1826 2359
22 2709
4167 4971
4113 4852
4890 4977
864 2486
3411 3517
2359 2368
802 3464
88 4135
321 1745
4106 5108
14 2433
4134 4188
2248 4526
364 2652
4286 4638
368 2755
1238 3343
3220 4566
1432 5168
3569 4053
1238 3627
3582 4904
289 2249
2727 3186
1401 1919
2920 5165
2580 4553
670 3638
708 1576
1250 2420
1749 3228
290 3043
425 2504
1680 4177
152 4741
4255 4352
2205 5171
122 2694
2388 2996
835 4376
3070 4877
2188 4579
793 3656
902 2856
900 3797
2740 4749
3405 4632
4482 4724
271 1507
3250 4934
1681 3582
848 4731
3180 3250
614 1191
378 4448
675 4131
1662 2232
2850 5029
1709 2504
3064 4732
345 3380
940 2263
1926 3641
1755 4064
2277 2359
2768 4113
60 2372
2091 2694
119 152
269 3513
4687 5107
2067 2916
209 2555
4059 4957
1564 4433
1348 3955
2228 2513
2569 3034
900 2113
4447 4632
3547 3798
1013 3809
1865 3943
1349 2531
2103 2676
2322 4441
1586 3038
262 4503
3250 3961
1188 3904
2721 5016
3641 5142
837 1558
1942 2950
521 3797
559 3851
934 1931
2830 3523
2680 3571
2617 2966
2267 3057
839 1548
3708 3832
1823 5126
2585 3636
428 4338
2214 2463
701 2742
4526 5085
2571 3652
892 1183
4535 5162
3209 3791
1956 3641
4573 5171
316 1227
1948 4047
678 3097
1983 3379
1756 4774
3759 5135
2070 3447
4063 4405
300 4062
3636 4499
1715 4869
1780 3828
1306 3756
476 1539
4331 4503
1439 4142
2023 4447
922 2290
1260 4253
4095 4668
1183 1844
3813 4479
534 1384
675 2445
3657 4591
203 4815
2089 4224
1349 5199
2916 5223
678 2916
1795 1945
378 3082
3314 5142
2013 2260
4084 4768
4100 4550
4920 5181
3797 4255
2255 2956
1271 5077
1323 3547
2040 4360
2418 4171
4665 4745
13 2440
1854 3759
2196 4113
1109 1737
1751 3801
178 1744
4347 5158
885 1364
2044 5023
1323 1842
2223 4573
3441 3749
3897 3951
2713 2879
1227 5218
4044 4153
1171 4021
5071 5106
930 4777
3553 4109
4097 4113
98 3581
1786 2937
200 2680
4756 4994
508 5113
599 1956
802 3048
526 2035
290 2415
2047 4778
988 4453
3136 3311
2155 5129
2415 3828
1875 2275
2978 3817
504 2383
2446 3080
788 4800
150 4867
2387 3279
3171 4701
228 4131
2665 4996
2835 2933
722 1680
3773 4073
608 2126
2820 3433
2051 3524
1641 4073
4296 5067
1877 2490
4218 4503
3065 3636
48 3787
234 3705
2096 2387
370 1879
1183 3809
2324 5076
325 2139
1976 2177
1711 2736
2296 4227
4215 4428
1772 3214
4171 4732
1163 2813
746 5158
848 2891
2368 3627
1107 2161
76 2662
1580 4567
722 4177
216 2789
3873 4424
2742 3263
2515 3593
2076 2421
2298 3859
1384 4106
2996 4632
526 720
2531 5199
4538 4754
2366 5171
635 4569
192 2116
2086 3845
1355 4119
1680 3624
1933 3350
363 5163
3162 3207
599 4078
3897 4334
733 4405
499 2688
1640 4809
137 3324
1636 4695
1700 3057
2799 4065
832 2068
2198 4574
754 3233
440 899
2133 3638
4641 4645
3997 4222
2246 2271
863 2901
1393 2203
56 5209
1056 4881
2788 5073
1706 3581
3938 5112
966 4206
3067 3377
3970 5103
630 4849
3164 4660
1191 1535
589 4277
2613 4666
1054 1104
1681 1732
2023 3239
996 5142
1732 5135
805 4665
2691 5224
1349 2669
300 911
2237 2785
3497 4399
1455 3221
1177 5171
1980 2017
900 4741
4553 4779
411 2673
381 4638
1106 2690
911 4744
274 3985
2060 3043
839 3959
295 1730
857 1613
1288 3706
573 4816
121 4155
544 3209
3857 4831
1490 2816
3351 3829
1204 2353
360 3489
996 2580
803 2607
37 4146
613 4241
656 2799
1635 2871
717 4077
262 3970
3545 5105
982 2745
3038 4529
284 2109
354 1257
2996 3279
829 1705
764 3541
506 5205
4308 4519
2074 3672
167 3417
691 1492
425 1709
802 4350
1230 2837
158 210
4453 4478
788 2282
98 3589
4259 5029
2636 4958
579 2995
2233 3405
598 4422
544 4985
1206 3794
3589 4599
2569 2942
3350 4190
3375 5142
642 2464
1487 4140
1732 4485
571 4503
2907 3464
4255 4293
142 2157
3382 5150
3252 4083
3234 4485
2669 5016
1237 4694
1130 2916
1443 4758
678 679
2049 3549
2105 3171
490 3627
2415 2753
2238 3773
1563 1639
4041 4942
2007 4116
534 4993
2816 5039
1128 2275
1795 4447
2676 3828
1398 2148
946 4602
2088 3556
1641 5016
48 3619
3110 4303
951 3083
195 327
2473 2884
2893 2901
2824 3892
4504 4960
2978 4058
656 4065
4883 5171
974 4344
5195 5198
4060 5199
1919 4506
1078 1740
1054 1945
2252 2639
258 3313
3206 4237
2811 5089
4123 4372
1977 2136
710 4538
3402 3830
3056 3206
2813 3340
2844 4528
2356 3206
450 4398
4592 5085
4632 4979
2748 4074
2359 3990
1950 2690
1323 2916
1664 2036
1547 4934
1931 4596
207 4054
599 4553
4538 4581
5165 5224
1672 4020
1169 3269
2485 4080
124 3636
2720 3907
1446 1487
2088 4060
4012 4440
168 3199
896 4328
330 4479
1433 2128
2369 3045
4032 5152
922 3158
2571 3708
5031 5217
37 1148
3278 3694
1641 4540
734 1825
1121 3018
89 4019
2239 4342
1751 2865
1556 2236
4630 4635
260 3294
4127 4243
1318 2768
1350 1352
1060 4918
3980 4622
1602 3745
779 4104
1462 4306
1228 4458
1850 2898
4128 5135
1445 1842
2229 3239
2962 4379
631 848
599 3411
3755 4625
484 613
271 591
1623 2968
2984 4089
1349 2383
2918 5149
1299 3275
3327 4032
979 3788
465 4277
1029 3056
53 4693
911 1641
1393 2614
1762 4493
1597 3543
960 3279
1605 3996
331 5066
1780 2428
991 2029
302 4637
2161 5108
2835 2876
1107 4979
184 4775
798 3965
466 4395
1743 4283
3380 4026
1983 2807
3624 4474
181 3895
1377 3509
860 3901
1684 3119
2439 3211
660 3803
1330 2022
271 1505
1861 3627
1818 4044
873 2848
2115 3744
148 257
1578 2157
773 2263
1456 2299
1487 5041
2088 2555
1261 2617
1774 2653
625 3829
1866 4734
1745 4746
963 3253
1557 4538
911 2580
148 2195
793 1490
1182 2492
3092 4421
1811 4405
455 2158
1739 4832
802 2730
2389 3621
491 2911
1891 3331
2997 4131
536 2359
942 4942
3274 5002
3900 4732
2398 2721
678 2767
3306 5041
1950 4647
749 4318
3604 5201
515 4547
569 3217
3202 3429
573 4142
1644 3438
1654 3221
519 5094
445 569
1442 4783
1851 4631
2203 2990
2231 4400
1706 3616
284 4350
911 1963
8 599
2667 4960
2524 4468
470 4219
3856 4110
1596 3779
3641 4062
956 4416
2650 3206
386 4058
2241 2473
1864 4061
1096 3878
3036 3277
3179 4004
2162 4335
1817 2957
1976 2664
1977 4568
1238 4581
2677 3877
96 1502
118 4334
4630 5030
142 2822
2473 3243
1479 3388
1672 2233
1096 3162
4219 4380
1190 4321
1245 2341
1276 2487
152 185
1498 1585
2445 4104
1672 2512
4362 4598
293 1401
1648 2383
3726 4018
3021 4323
1333 3465
910 4041
3294 3767
888 1680
3086 4056
2884 3970
911 2721
1883 2865
16 3643
56 3239
1152 4553
1541 4999
274 870
3490 3662
4448 4881
951 4482
1364 4868
1884 4454
3828 3892
1099 4857
2302 3430
214 4384
948 3919
0 717
898 4503
1055 1384
951 1207
1212 5055
709 2335
2118 3887
4632 5209
2310 4502
974 1006
2492 4813
3195 3460
2910 4663
1055 1795
1355 3103
1349 2721
3312 4958
793 4877
788 2353
3841 4422
957 1025
2941 4405
1857 3412
3777 4095
2139 3080
2863 3089
1107 3412
1638 2793
712 4709
1498 4782
1011 1869
422 4571
951 2229
3017 4639
2892 3569
127 1580
2391 4549
629 2090
4827 4943
167 2118
193 4347
4303 4370
722 3267
2023 2229
1976 2310
1609 3974
2156 4418
4413 4940
1621 3157
3388 4939
22 3291
1625 4812
3768 4475
1107 1207
295 2205
1054 4106
3143 4021
809 2680
1001 4123
4526 4592
3562 3980
2824 4061
1488 1498
1578 3826
2916 3944
950 4039
2285 4952
256 2147
892 1844
3377 4245
4155 4225
315 632
290 4249
1757 2915
1250 4405
1520 3907
875 1364
1349 4317
1956 3780
908 1198
3150 4939
789 1433
2252 5138
659 2937
2816 4652
2096 5175
544 4586
1364 5194
2995 3641
1006 3463
703 2707
3948 4003
3405 4195
1490 5039
3327 5132
3677 4414
1167 2735
3860 5094
7 2074
386 4758
469 1456
2502 4630
199 1526
2454 3874
2023 2161
600 3353
3636 4350
3794 5119
3406 4012
1034 3202
884 4578
190 3064
1672 4632
505 2741
107 1388
2103 5126
2023 3405
89 2428
500 902
3043 4659
3268 4021
1112 2952
2670 3777
695 2360
524 3329
1192 3327
1592 3134
859 4101
839 910
4306 4528
2473 4058
960 1754
2233 4979
3220 3697
1370 4412
2205 5199
4073 4744
72 4901
2567 5031
2978 3641
3873 4563
267 4957
371 2318
1352 1356
1687 3399
1152 1349
2669 4553
3314 4070
2188 2225
1854 3871
369 4347
3202 5223
1549 5201
89 3043
2481 3860
782 3443
2264 2695
746 3138
500 959
3970 4553
1966 4413
1982 4008
4124 4225
2455 4032
2394 4413
2918 4812
3141 3487
0 2415
569 2491
1324 1570
1122 3375
1330 4239
2182 2311
526 3543
352 1279
504 4744
3970 4331
1726 2748
262 4553
1365 3968
3158 3353
1211 3726
1080 3298
1130 1324
631 4177
650 3600
694 1729
996 3411
1297 2795
1976 3351
1963 4058
788 2803
188 1038
2783 5187
4379 4850
652 1192
2370 3223
3189 3575
922 1108
2759 3387
4194 4990
545 3395
4095 4868
2154 4123
392 1639
3206 5219
4309 4738
81 1929
1790 2062
243 743
1700 2267
223 2580
1553 1840
722 4424
2822 3079
679 2861
1121 2088
2723 3259
1388 3686
1636 2764
22 4309
3320 4416
1972 4208
199 1518
3411 4744
1135 1972
879 2505
300 2835
2760 4958
3065 4552
2396 4352
2047 4963
1857 3239
613 3740
4184 5073
2144 5141
3483 4038
1980 3385
2810 3083
518 2088
309 3276
2207 2643
1287 2762
2093 3036
92 4783
1711 4085
507 4065
2882 4054
434 3829
1737 4907
1423 5064
3851 4888
1902 4930
960 3698
453 2832
264 1105
1207 4106
487 2532
1477 3080
177 3329
452 5164
2101 3359
1488 4643
3584 4138
4195 4724
892 1979
2280 4331
2071 4042
708 2892
4111 4188
2428 2852
1956 3790
2727 4179
107 3908
236 3334
443 743
4103 4520
1824 4827
1973 3565
1446 5041
47 1790
4302 4520
228 2862
2088 5199
1221 3657
967 3406
70 3136
4200 5107
671 1396
482 2532
2993 5017
1250 4345
2353 2997
2037 3230
87 2012
2103 2824
133 591
2664 3829
1854 2764
1384 2023
2918 5239
2788 3866
2353 3327
678 2578
519 2664
1113 5097
1299 2794
2799 3327
614 4428
3083 4993
1329 3840
1192 1723
3057 4255
1919 4808
2771 4788
85 5178
2869 3034
3055 4349
2353 3130
4852 5000
222 3608
3289 4628
3717 3820
3668 4405
3102 3454
3056 4245
3110 3334
3815 4686
20 4868
2185 2385
1323 3944
949 2072
658 1439
951 1945
51 3294
2843 5052
3202 4989
1277 2545
1683 5079
2968 4431
107 1029
4424 4474
530 2398
2712 4976
722 3759
2663 3415
2813 5199
379 4371
2728 3636
56 2388
1961 4798
4481 4909
2724 3104
4632 5175
4121 4393
1163 2223
2241 3641
304 3766
1580 4750
272 586
798 5100
1054 2233
2210 5133
2285 2362
1121 3471
925 4277
490 3894
956 2978
2104 3144
1330 3781
2366 2675
788 948
2341 2404
271 1209
3011 3161
1793 4480
909 996
4594 4625
3104 3260
1510 3132
2669 5199
2966 4389
2446 4255
740 2184
171 4025
1623 4021
935 4020
2190 4094
827 2418
159 2893
1535 2299
521 3084
1586 4529
2304 2801
1776 2398
364 2234
2667 4375
3320 4058
701 1104
1636 4904
3949 4536
802 2567
150 1973
1160 2569
837 838
1126 1183
714 5004
2047 3825
3314 3828
4468 4769
2398 3411
4347 5103
1367 3774
3226 4482
779 2359
2817 3672
1790 4084
3343 4520
223 1956
1548 4656
530 2978
300 615
2660 4706
1701 3598
897 2680
2555 4989
37 3269
454 1223
2209 3576
2835 2884
1652 2709
3517 4503
4018 4498
273 1306
2235 4375
562 5233
1318 2686
1359 3895
2167 5141
1648 4416
1883 1977
1122 4696
220 4628
779 952
1408 3769
2335 4033
1055 2810
309 3162
996 3032
3427 3807
695 3309
607 1456
2881 3430
3690 4915
1681 4177
43 1790
300 2383
1279 2494
3547 4042
2274 3220
310 2722
2531 4553
2398 5199
969 4018
1663 2698
260 4375
1107 4993
1623 2166
530 4062
141 3309
607 2299
426 3121
2412 3428
1617 5079
463 4072
3688 4331
2698 3498
1000 4979
1825 2327
2721 4062
1321 4845
52 2821
1407 4868
2567 3895
2833 3314
76 4990
587 4176
20 885
888 4904
602 2415
706 1130
2580 2978
152 775
714 1098
529 4100
2543 5158
3846 4282
1193 4192
142 4912
4724 4979
1794 4745
66 1641
1887 3456
1692 2520
1141 1322
2567 3399
126 4054
4158 4477
948 1266
1142 1786
1677 3714
15 361
798 1253
1054 4979
341 413
2263 3555
752 3581
2359 3627
3701 4745
569 4462
3062 4028
55 4437
386 2898
589 925
2353 4692
2100 2727
123 727
3350 3991
4006 4462
2473 4553
2019 3770
504 4343
755 4881
3877 3968
2285 3511
504 1443
227 1517
352 4586
810 1971
114 1804
1191 4428
4651 5067
83 5109
338 3885
2277 2767
623 4374
2810 3405
2668 3185
4553 4744
360 1557
1751 4061
3073 3878
2263 3747
1444 3726
1326 5031
4668 5194
1898 4630
2576 3048
2284 2691
1429 4981
148 4427
2297 2833
3227 4054
10 3646
1998 3615
925 2601
2229 4195
1382 2449
864 2162
2484 3789
1335 4951
1648 3773
1732 4731
3650 4318
455 3686
1114 2467
316 3831
2166 4457
1239 1678
3238 4759
976 1395
3895 4393
300 1349
314 4755
675 3206
1489 4139
830 2483
565 4584
3267 4731
978 3256
4589 4608
2118 4811
237 3456
4220 4222
3598 4215
602 4496
2812 3816
422 4069
2997 4103
4078 4779
230 4295
89 3828
388 1612
667 2621
2393 4801
1505 5147
951 4632
245 2322
895 5126
1958 4269
2093 3277
541 1917
323 1002
2047 3949
1062 4628
2599 4540
2066 5064
1854 4128
2136 2579
2619 4389
1020 4650
2000 4675
937 3689
2326 3928
1236 1848
534 4195
3481 3968
1126 2968
5041 5141
420 2455
3064 5174
2514 4619
534 4020
189 1917
1080 4819
2748 2839
793 5039
247 678
56 1000
1622 1645
3216 3841
3293 5002
1026 4370
1914 2824
346 3229
930 1727
4750 4850
2531 4331
1189 3982
300 4058
1861 4849
964 2739
2448 4431
2901 3142
1207 4993
3636 4421
2669 4058
4155 5038
0 1462
2353 2916
957 2310
1339 3462
2241 2835
694 3370
1672 5108
2551 4897
974 1387
513 2795
434 1033
354 2183
4659 5126
2819 4686
848 2764
1386 4983
1676 4563
89 4659
4642 4907
194 3426
615 2978
3306 5184
316 3752
584 3279
2044 3896
595 4442
3425 4435
534 584
2808 3081
2721 4331
3656 4647
2882 3548
97 5000
1049 1271
2353 5096
888 3759
1718 3776
2487 4923
951 2161
3841 4995
862 4183
2394 4155
1453 4142
4379 5157
4142 4175
1672 1857
731 1185
3581 3588
4503 4744
2237 2762
2088 4779
3411 4058
2686 4932
368 659
3300 4717
935 1000
1509 2284
1780 4659
698 2906
2448 4595
1310 4595
1446 5042
1641 4062
9 4915
2764 3871
956 2669
1477 4255
4589 5017
1106 3070
1054 4724
599 909
726 3220
1666 3204
1355 2905
2653 3846
3320 3690
1825 2621
255 2947
645 3636
3295 5211
2225 3542
2377 2378
1745 2203
56 4979
940 3900
1054 5108
337 4867
3612 3951
37 3252
952 4104
429 4138
1691 4433
2088 3641
2681 4505
1561 4771
521 3793
4563 4731
8 812
4416 4503
2280 4060
366 2004
2106 3158
1278 4500
366 4732
3209 4176
79 943
1152 3773
708 4595
1976 3829
731 922
567 656
1701 3075
2531 3320
1017 2342
1551 4013
2481 2571
1217 1871
1196 3768
4208 4806
1299 2619
4020 4632
547 4287
3591 5138
47 1472
2540 3942
2760 5049
1431 4392
1013 1623
3041 3956
885 2237
2161 4447
3776 5128
2555 4611
128 148
4731 4812
3553 5105
2458 2565
4724 5209
193 1578
794 2886
909 1956
1570 1861
701 3190
529 4550
660 1095
320 4595
1315 4758
1956 4058
809 974
833 2244
3121 4275
569 731
2348 4314
105 1303
1637 4520
4625 5173
2198 2208
1116 1350
936 2603
334 4309
4033 4428
3237 3873
883 2268
4642 4909
2580 4779
1141 1557
1013 1126
2492 4715
957 3351
5 2812
2158 4792
4533 4925
2416 4609
4131 4325
1891 5118
300 1648
951 4020
678 3546
465 4815
1220 3437
2476 4272
3124 4300
3668 5139
2285 4989
3665 3887
195 3293
1500 2186
1641 3773
1990 3727
4481 5048
3970 4073
1636 5135
1872 2336
3351 4458
3072 4675
3517 4553
534 2096
1819 4242
4474 4563
866 2432
1093 3978
2015 2384
1084 3824
262 504
2881 2979
3350 3432
187 2693
4777 5064
1963 4744
3052 4286
811 1049
3572 4024
2159 4685
473 4332
1751 1883
2258 4495
2727 3401
4021 4163
917 1133
4594 5173
2120 4206
1167 2726
1368 1802
628 961
118 2642
2112 2767
1081 4916
3688 3970
272 1306
659 2971
35 4497
250 4366
390 4581
734 1221
1028 1405
193 4777
911 3517
3351 3832
4215 4657
640 3425
1939 4482
193 5158
875 4868
599 2531
2644 3161
3652 3708
469 4125
1745 4101
431 3558
1874 4155
3970 4503
802 5158
38 2359
2196 4932
3188 3625
3320 5016
613 1708
2424 3641
935 2233
3685 4949
565 2580
2042 2282
2222 4274
1349 4062
3234 3622
194 2990
799 3640
956 3970
214 3141
290 2753
1270 3081
680 2458
1393 1745
1864 1883
3641 3780
1148 3269
2348 4262
1295 4370
264 4210
1681 4424
1217 4406
1598 3522
3641 4540
1957 4915
216 1941
2865 4855
20 4095
1244 3882
450 2244
3214 4423
3029 4957
500 5118
2222 4954
2096 4195
49 2594
3982 5173
2768 4852
56 2810
493 4462
599 4058
2925 3049
3360 4781
713 3463
1641 5212
1189 4885
3859 4120
426 694
3073 3207
2882 3374
2917 3819
146 1763
734 2299
1594 4064
1054 2512
2835 4331
2944 2998
911 3688
1029 4976
1328 3038
3521 4054
937 1786
1796 4477
290 2852
1479 2933
4019 4740
4106 5175
4476 4732
2714 2736
2153 2377
297 2137
3336 4133
980 5196
1408 3330
819 4350
3234 5135
2525 2953
3881 4200
1676 4177
1033 3829
2359 4237
262 3423
56 2229
1105 3568
3269 3809
633 698
2835 4062
4177 4695
675 3154
91 4749
2310 3829
2431 3112
3293 4478
1054 1839
541 2580
935 2388
2684 4352
821 3074
1882 2275
1120 2088
1641 3690
1033 2571
430 1106
2756 4383
166 4582
2653 4235
528 4191
609 1636
1243 4833
988 3238
528 3244
1361 2750
1243 3627
1291 3645
860 3902
121 5064
1257 1643
1701 1931
982 3184
504 5016
554 2440
2398 2580
1184 4405
2089 2290
1749 4187
64 2842
711 5088
1557 2607
307 3169
3 2264
587 4152
3364 5103
2664 3860
2711 3812
3701 4945
3636 4908
3801 3903
4177 4731
2196 2686
490 1861
3677 4842
1013 3296
922 1382
973 3248
2062 4768
1270 1547
2824 5126
3654 4253
2997 3418
3671 4133
1479 4939
956 4779
609 736
888 4474
652 2191
519 625
425 5198
2387 4666
521 1644
3922 4065
1861 2997
1193 4537
3294 4398
1037 3877
3443 4768
4331 4965
3294 3457
2158 2366
4328 4370
637 3154
1196 4549
2571 4502
2124 4757
1689 5047
3652 4618
3158 4673
2960 3665
3466 3944
3187 4309
253 824
3450 3925
195 466
788 4370
2108 4410
738 4870
2020 4121
152 264
922 4092
40 1121
1637 3779
78 2486
1617 2618
1207 3083
633 3452
3405 4020
4138 5060
2891 4474
3267 4485
2978 4331
910 919
3688 3773
3239 4020
1969 2421
1581 5064
2216 5039
1672 2023
2979 3430
1862 4319
1884 2881
2531 3119
2088 4540
1055 1672
2881 4155
2969 4826
731 4462
2980 5064
1321 5155
1795 4020
996 1349
605 2115
2982 3323
1308 5079
793 1266
4520 5116
809 2560
367 4333
330 2982
2893 2916
2764 4563
1945 2512
3449 5181
120 2560
2363 3131
2366 4503
1239 2393
1315 4147
1242 4481
148 1303
1349 3411
1960 2995
415 1125
545 2600
1553 5240
148 5054
935 2229
791 2147
1736 5079
3280 5039
2165 4044
1511 3464
2352 3824
1735 4264
1482 3720
771 1815
974 4138
385 4135
179 4183
2233 4482
637 2323
1803 3614
3615 4015
537 802
1084 2352
3174 4150
3543 4990
2576 4732
4060 4503
2891 3267
1374 3597
3289 3672
7 2152
2218 3596
117 2132
4114 4556
777 2944
1599 3487
360 361
354 1900
242 4261
2797 3368
3252 3268
956 2580
1732 3871
3221 4830
1014 4177
793 1974
635 5034
1707 4183
996 2473
1945 2388
2619 3797
2945 3828
2641 4175
1345 1359
667 4572
4784 4812
1233 1322
993 2316
637 2997
631 2764
3439 4421
935 1857
2428 3043
1413 3588
1091 1944
1911 4184
4283 4621
179 582
3294 4737
434 3832
1148 1183
1189 3971
2497 4280
2368 3423
465 925
937 2132
1054 2229
1680 4424
630 898
3273 4142
4779 5199
2610 3126
342 2729
1876 2384
1 3401
470 2699
2684 4255
1171 4083
3405 4993
584 951
1535 3920
3797 3816
2916 4972
1204 2916
798 1661
722 4128
1785 4089
1701 4685
1763 4061
788 3091
1350 2905
2455 2458
1478 3539
1958 4044
1639 5174
1107 3405
1408 2687
1780 5126
3892 4659
245 972
865 4256
957 3652
2446 4352
3829 3868
1106 2443
821 3653
959 5178
1439 2486
1165 4165
2842 3549
2595 4850
922 4870
659 2110
2060 4496
2020 2969
2531 2930
274 277
309 3073
264 3680
0 1255
4738 5189
4458 4618
3234 4128
530 2835
472 3421
1407 4095
20 2237
2807 3423
528 4137
611 3721
3407 4732
1498 3516
9 1189
1285 1564
290 2060
1956 5199
848 4177
1052 1766
1549 3982
3487 4384
1787 4514
4195 4979
122 3636
788 3598
3327 4350
224 4890
3677 4430
3379 3779
782 3327
3029 5092
508 3393
3701 3779
1857 5108
3182 5189
309 2705
691 4139
1129 4658
3298 4255
482 4862
780 4937
3328 4934
172 3828
3057 5057
1169 1844
2996 3239
126 3227
2167 5085
2968 4163
4049 4455
128 2626
802 3104
504 3894
2669 3320
1739 4324
1806 2027
4592 5041
1466 4392
4057 4448
1844 4562
136 5220
740 1719
1623 4163
743 3780
2 4674
4020 4447
3446 4920
3057 3378
2975 4773
3153 4392
48 358
697 3529
2447 4547
969 3726
968 991
2723 4370
1730 4113
1488 1956
1795 2387
2166 3268
3970 4062
1798 4691
1169 1171
1680 1854
1184 4234
223 2424
1315 4150
2786 3650
983 1409
2320 4641
554 3126
676 4428
1575 2611
1979 3296
2835 4058
2398 3320
1187 2752
2486 2505
1730 2878
9 3971
2763 2944
1926 2835
2996 3412
730 1330
1493 2361
1124 4102
974 2266
1398 4114
952 3423
3067 4245
3569 4439
1233 2240
698 2835
1857 2512
1169 3296
624 2767
1825 4033
2224 2817
3693 4982
1487 2144
4171 4173
1830 3287
470 931
1862 2828
1641 3688
3641 5212
1230 2552
703 4034
238 2306
3334 4223
1006 1602
958 2867
2695 4923
1795 4724
4503 5199
2925 3050
1041 2690
478 5222
577 3841
1270 4745
1763 3903
1546 4338
2677 5172
2096 2229
649 784
4217 4434
4909 5048
2694 2830
3871 4128
717 2939
3158 4990
375 1485
986 3519
2407 2878
3093 4859
2481 3351
2013 4643
456 2916
1238 2793
1914 4855
2345 4171
2764 3234
3298 4558
2307 2732
2160 4369
353 802
1327 4603
904 3163
481 1230
515 561
364 3790
1647 4353
1891 2857
2835 3688
1672 3405
223 710
1672 2161
531 982
3501 5112
1550 3110
2088 4795
1636 4563
2387 3412
669 3450
2096 2388
2998 3434
1626 4431
694 948
284 4846
3306 5042
1126 1626
1963 3641
3766 4895
746 3081
348 1279
1363 5037
495 4255
976 2895
2664 3868
2737 4783
2244 3294
2415 2852
2075 2365
1795 2161
262 996
2396 3077
1391 4128
1135 4090
2473 2531
534 4632
2473 3320
2288 4198
2444 3722
469 4575
3273 5118
274 3498
5016 5199
905 2416
1657 5178
1659 1883
1013 1979
1529 4056
2716 2882
2810 4632
1596 4738
3641 4058
1667 2728
444 3710
1107 2233
1228 3652
4883 5044
1998 4015
284 1054
117 937
1757 4941
300 3688
777 3776
4058 4503
996 4073
3208 3779
4371 5055
3267 3759
262 911
504 4062
260 3457
2230 2335
1976 4458
656 3327
387 2394
4064 4446
3687 4229
1169 3268
3794 4207
1342 3865
3185 4024
786 3999
3156 4392
1665 3954
3714 4784
3411 4779
1572 3401
2898 3690
1593 3417
3196 4860
2531 5188
2023 5209
307 3495
1006 3336
3083 5209
1963 2978
40 2835
18 3133
4034 5093
956 3411
57 839
2407 5000
2571 3829
1896 4728
261 1754
1685 4142
3495 4815
1825 2526
93 3963
1378 2261
1072 5065
766 3975
848 1680
701 900
1162 1516
1648 3411
2155 2491
49 478
1416 3508
3622 3867
1487 2167
2978 4503
1197 3542
470 1105
584 4447
1055 2996
1270 4421
337 860
1349 2238
3316 4225
2184 5023
347 3390
951 4195
3057 4153
617 1861
360 2920
1439 2338
3379 3423
199 1768
2233 3239
2022 3875
1013 1183
2144 3306
2715 3814
519 3351
685 3571
264 4751
615 3320
1479 1535
932 4589
584 2233
250 872
3048 3464
2038 3726
169 3925
